1.648378 2.654896 0.000000 -1.250000
1.675108 2.638113 0.000000 2.187500
2.231912 2.716282 0.000000 -1.562500
1.729728 2.602627 0.000000 0.625000
3.419045 2.602550 0.000000 4.375000
2.863502 2.656906 0.000000 0.937500
3.452915 2.557442 0.000000 -2.187500
3.407432 2.617736 0.000000 -4.375000
3.873016 2.640531 0.000000 -3.437500
3.389434 2.640998 0.000000 0.937500
2.908510 2.607558 0.000000 0.937500
2.224986 2.721958 0.000000 -2.187500
2.947595 2.563293 0.000000 4.375000
2.352950 2.612134 0.000000 0.937500
6.527840 2.612621 0.000000 -3.125000
6.497955 2.686085 0.000000 4.375000
7.356582 2.629802 0.000000 1.562500
6.954865 2.591155 0.000000 -0.937500
4.375096 2.577962 0.000000 5.312500
3.721734 2.849799 0.000000 0.937500
3.307299 3.853456 0.000000 5.312500
7.363248 2.611080 0.000000 -2.812500
7.361043 2.617288 0.000000 -0.937500
4.796910 2.626190 0.000000 -2.187500
4.810143 2.601876 0.000000 5.000000
4.760984 2.690772 0.000000 -2.187500
4.105564 2.988595 0.000000 0.937500
4.842394 2.541348 0.000000 5.000000
4.134210 2.948840 0.000000 0.937500
1.660237 2.647496 0.000000 -1.250000
1.672202 2.639955 0.000000 2.187500
2.468664 2.503062 0.000000 -2.187500
1.907213 2.475513 0.000000 0.937500
2.821028 2.701961 0.000000 3.125000
2.313135 2.647457 0.000000 0.937500
3.448066 2.563976 0.000000 -2.187500
3.451757 2.559005 0.000000 4.687500
3.856061 2.665230 0.000000 3.750000
3.381617 2.651000 0.000000 0.937500
2.308136 2.651816 0.000000 0.937500
3.115440 4.010160 0.000000 -2.812500
2.907949 2.608184 0.000000 0.937500
2.225004 2.721944 0.000000 -2.187500
7.847292 3.503220 0.000000 7.500000
5.253094 2.595627 0.000000 5.000000
3.912241 2.582059 0.000000 -2.812500
3.252661 2.807726 0.000000 0.937500
3.959454 2.509060 0.000000 -2.500000
3.300006 2.751926 0.000000 0.937500
6.950867 2.601861 0.000000 -0.937500
6.956525 2.586694 0.000000 5.625000
4.382694 2.565025 0.000000 -2.812500
2.962453 4.124467 0.000000 -2.812500
7.820621 2.475714 0.000000 7.812500
7.362980 2.611835 0.000000 1.562500
7.356402 2.630304 0.000000 5.312500
4.819027 2.585382 0.000000 0.937500
4.799715 2.621062 0.000000 5.000000
4.777583 2.661189 0.000000 -2.500000
4.799222 2.621965 0.000000 -2.187500
4.814482 2.593837 0.000000 5.000000
4.058936 3.051621 0.000000 0.937500
7.793126 2.560948 0.000000 -2.812500
7.373473 2.582064 0.000000 3.125000
7.785598 2.583742 0.000000 4.687500
7.774692 2.616378 0.000000 2.500000
5.264760 2.571883 0.000000 4.375000
5.232151 2.637588 0.000000 -2.187500
7.798291 2.545174 0.000000 -3.750000
7.388203 2.539610 0.000000 7.812500
8.192984 2.593754 0.000000 -3.125000
8.195476 2.585870 0.000000 5.625000
5.693028 2.579135 0.000000 5.312500
5.673948 2.620842 0.000000 -2.500000
5.763817 2.416798 0.000000 -1.562500
5.721643 2.515013 0.000000 5.000000
8.660648 2.390012 0.000000 5.000000
8.603411 2.588497 0.000000 -2.187500
6.122765 2.570924 0.000000 -2.812500
6.100508 2.623300 0.000000 4.375000
5.453372 3.053397 0.000000 1.250000
5.381976 3.890017 0.000000 4.375000
9.021799 2.549073 0.000000 3.750000
9.000701 2.622595 0.000000 6.250000
9.010417 2.589016 0.000000 0.000000
9.011112 2.586595 0.000000 5.937500
6.550364 2.555621 0.000000 -2.187500
6.539186 2.584089 0.000000 -0.625000
6.558066 2.535792 0.000000 -2.500000
6.559817 2.531259 0.000000 5.937500
9.411437 2.606201 0.000000 1.562500
9.020710 2.552922 0.000000 -0.312500
9.418139 2.581875 0.000000 1.250000
9.404565 2.630891 0.000000 -1.875000
6.957482 2.584119 0.000000 -3.125000
6.958120 2.582401 0.000000 5.625000
6.926866 2.665100 0.000000 -0.937500
6.969813 2.550673 0.000000 5.312500
5.961408 2.925666 0.000000 1.250000
6.961641 2.572893 0.000000 3.125000
6.961922 2.572135 0.000000 5.312500
6.955533 2.589361 0.000000 -5.000000
7.374265 2.579801 0.000000 0.937500
7.361755 2.615287 0.000000 -3.437500
7.380122 2.562998 0.000000 5.312500
6.792896 3.858979 0.000000 5.312500
7.386306 2.545121 0.000000 -3.125000
7.388412 2.539002 0.000000 5.625000
7.393506 2.524130 0.000000 -3.437500
6.954522 2.592074 0.000000 2.187500
7.790598 2.568627 0.000000 5.312500
7.148219 4.024205 0.000000 5.312500
7.779274 2.602719 0.000000 -2.187500
7.772806 2.621976 0.000000 -3.125000
7.799710 2.540823 0.000000 -3.125000
7.401210 2.501448 0.000000 4.687500
7.202630 3.026101 0.000000 1.250000
6.902586 3.659162 0.000000 4.687500
8.176531 2.645162 0.000000 -3.125000
7.379732 3.582014 0.000000 1.250000
10.689873 2.314204 0.000000 -2.187500
10.647569 2.501639 0.000000 -3.125000
10.625660 2.593118 0.000000 6.250000
8.199112 2.574316 0.000000 -1.875000
8.190797 2.600650 0.000000 5.000000
7.588603 4.033068 0.000000 5.000000
7.504811 4.186926 0.000000 -1.875000
8.195648 2.585322 0.000000 4.062500
8.195483 2.585846 0.000000 5.625000
10.624733 2.596910 0.000000 -3.125000
10.634149 2.558085 0.000000 4.375000
8.188179 2.608883 0.000000 -2.187500
10.644399 2.515092 0.000000 6.250000
10.636518 2.548216 0.000000 -2.500000
8.193292 2.592780 0.000000 -2.812500
8.196668 2.582087 0.000000 -1.875000
8.200315 2.570483 0.000000 3.125000
11.086402 2.327680 0.000000 5.312500
11.010980 2.661718 0.000000 -2.812500
8.597003 2.609699 0.000000 5.937500
8.210501 2.537757 0.000000 -3.125000
7.617533 3.043756 0.000000 1.250000
1.652366 2.652416 0.000000 -1.250000
1.673114 2.639378 0.000000 2.187500
4.381441 2.567164 0.000000 -2.812500
4.306758 2.690573 0.000000 6.250000
2.907314 2.608891 0.000000 0.937500
2.226099 2.721048 0.000000 -2.187500
2.947666 2.563212 0.000000 4.375000
2.351147 2.613757 0.000000 0.937500
3.228961 2.834950 0.000000 -5.937500
2.366324 2.600025 0.000000 0.937500
3.961086 2.506482 0.000000 -2.500000
3.923398 2.565074 0.000000 4.375000
2.527358 3.947799 0.000000 4.375000
6.937376 2.637622 0.000000 -0.937500
6.950482 2.602889 0.000000 5.937500
6.959951 2.577461 0.000000 -0.625000
6.960255 2.576641 0.000000 5.937500
7.354732 2.634971 0.000000 1.562500
7.361366 2.616380 0.000000 -0.625000
7.364209 2.608368 0.000000 1.562500
4.801321 2.618119 0.000000 5.000000
3.261980 4.389387 0.000000 5.000000
4.816460 2.590163 0.000000 5.000000
4.790239 2.638340 0.000000 -2.187500
7.375906 2.575105 0.000000 3.125000
7.369153 2.594367 0.000000 1.250000
4.837464 2.550718 0.000000 5.000000
4.777894 2.660630 0.000000 -1.562500
4.199043 2.855764 0.000000 1.250000
4.389105 3.881757 0.000000 4.375000
5.260048 2.581505 0.000000 4.375000
4.401089 3.868163 0.000000 4.375000
7.785101 2.585238 0.000000 -3.437500
7.784755 2.586281 0.000000 4.687500
5.249311 2.603270 0.000000 4.687500
4.597184 3.632929 0.000000 4.687500
8.183908 2.622250 0.000000 -2.500000
8.186603 2.613825 0.000000 4.375000
5.657600 2.655948 0.000000 -1.875000
5.268549 2.564111 0.000000 4.687500
8.195298 2.586431 0.000000 -2.812500
8.194916 2.587644 0.000000 4.687500
8.195371 2.586202 0.000000 5.625000
8.681539 2.312979 0.000000 4.062500
8.201646 2.566231 0.000000 5.625000
5.720394 2.517854 0.000000 5.000000
5.221430 2.658750 0.000000 1.250000
8.596146 2.612523 0.000000 4.687500
8.583018 2.655334 0.000000 -2.500000
8.187691 2.610413 0.000000 1.250000
8.597890 2.606775 0.000000 -2.187500
8.968788 2.729736 0.000000 1.250000
6.143052 2.522066 0.000000 4.687500
6.128271 2.557771 0.000000 -2.187500
5.464766 3.032959 0.000000 1.250000
6.531542 2.603351 0.000000 5.937500
5.584953 2.805494 0.000000 1.250000
6.538068 2.586917 0.000000 -0.625000
6.526761 2.615315 0.000000 5.937500
6.559669 2.531642 0.000000 -2.500000
6.557982 2.536009 0.000000 5.625000
9.418791 2.579498 0.000000 1.250000
9.410251 2.610482 0.000000 5.937500
9.405881 2.626183 0.000000 -1.875000
6.940386 2.629692 0.000000 5.625000
5.918314 3.011888 0.000000 1.250000
6.958166 2.582277 0.000000 -3.125000
6.967732 2.556351 0.000000 1.250000
6.947822 2.609981 0.000000 5.625000
6.934608 2.644890 0.000000 -0.625000
6.955746 2.588789 0.000000 -3.125000
6.969421 2.551745 0.000000 5.312500
6.960577 2.575769 0.000000 3.125000
6.960409 2.576225 0.000000 5.312500
6.965860 2.561449 0.000000 -0.937500
6.297440 3.927655 0.000000 5.312500
6.006546 4.359546 0.000000 -0.937500
7.407845 2.481730 0.000000 1.562500
7.362143 2.614195 0.000000 -3.437500
7.350281 2.647363 0.000000 3.125000
6.422811 4.447769 0.000000 3.125000
7.393622 2.523788 0.000000 -3.437500
7.773592 2.619643 0.000000 4.687500
6.807484 2.956753 0.000000 1.250000
10.238139 2.533195 0.000000 -3.125000
10.223317 2.592365 0.000000 1.250000
7.799695 2.540869 0.000000 -3.125000
7.797567 2.547391 0.000000 -2.187500
7.201222 3.029448 0.000000 1.250000
8.182032 2.628098 0.000000 -1.562500
7.292852 3.755738 0.000000 1.250000
10.632705 2.564078 0.000000 -2.500000
10.626301 2.590488 0.000000 6.250000
8.189324 2.605284 0.000000 5.000000
8.180031 2.634318 0.000000 -2.500000
8.197327 2.579996 0.000000 -2.812500
8.194995 2.587392 0.000000 4.062500
8.194917 2.587640 0.000000 5.625000
8.199405 2.573382 0.000000 -1.875000
8.200542 2.569757 0.000000 3.125000
8.200113 2.571125 0.000000 4.375000
10.651239 2.485961 0.000000 5.625000
10.636021 2.550288 0.000000 -2.500000
8.194395 2.589289 0.000000 -2.812500
7.606095 3.072227 0.000000 1.250000
8.014681 4.060036 0.000000 5.937500
8.588476 2.637627 0.000000 -2.187500
8.601447 2.595014 0.000000 5.625000
8.600603 2.597811 0.000000 5.000000
8.604417 2.585153 0.000000 5.937500
8.611260 2.562262 0.000000 -1.562500
8.615084 2.549380 0.000000 5.937500
11.438193 2.548889 0.000000 1.562500
11.449405 2.498046 0.000000 6.250000
11.818387 2.638690 0.000000 1.562500
11.806939 2.689453 0.000000 -5.000000
11.431537 2.578578 0.000000 -0.625000
9.006859 2.601371 0.000000 -0.625000
9.010806 2.587662 0.000000 5.937500
9.015081 2.572729 0.000000 -0.937500
9.015156 2.572468 0.000000 5.625000
9.413655 2.598178 0.000000 1.250000
9.407046 2.622005 0.000000 5.000000
2.910970 2.604811 0.000000 -1.875000
2.921402 2.593107 0.000000 4.375000
4.946895 3.140144 0.000000 6.875000
4.058823 4.225900 0.000000 6.875000
3.460860 2.546681 0.000000 -2.187500
3.415867 2.606720 0.000000 -4.375000
2.950018 2.560504 0.000000 4.375000
2.352465 2.612571 0.000000 0.937500
3.360822 2.677313 0.000000 4.375000
2.773855 2.750367 0.000000 0.937500
6.802340 2.968568 0.000000 5.312500
6.190852 4.093602 0.000000 5.312500
3.937978 2.542634 0.000000 5.312500
2.965070 2.543059 0.000000 0.937500
3.912167 2.582170 0.000000 -2.812500
3.255645 2.804266 0.000000 0.937500
6.975507 2.535059 0.000000 5.625000
6.955386 2.589755 0.000000 -0.937500
7.355958 2.631548 0.000000 -2.812500
7.364819 2.606645 0.000000 1.562500
4.799410 2.621619 0.000000 5.000000
4.773684 2.668178 0.000000 -2.500000
4.802239 2.616434 0.000000 -2.187500
4.815225 2.592457 0.000000 5.000000
4.085808 3.015548 0.000000 0.937500
4.830563 2.563764 0.000000 4.687500
4.129615 2.955271 0.000000 0.937500
4.850359 2.526113 0.000000 5.000000
3.350696 4.322044 0.000000 5.000000
5.263548 2.574361 0.000000 4.062500
5.591152 2.793121 0.000000 -3.125000
4.737158 2.732501 0.000000 1.250000
5.267080 2.567128 0.000000 -2.500000
5.270238 2.560638 0.000000 4.062500
5.268284 2.564656 0.000000 5.312500
4.611423 2.939729 0.000000 1.250000
5.303904 2.490156 0.000000 -1.875000
4.646921 2.883289 0.000000 1.250000
5.550426 2.873199 0.000000 3.437500
4.900115 3.879609 0.000000 3.437500
5.676904 2.614433 0.000000 -2.500000
4.928978 3.168193 0.000000 0.937500
8.206933 2.549273 0.000000 4.687500
8.202713 2.562818 0.000000 5.625000
5.712651 2.535374 0.000000 -2.187500
5.718812 2.521445 0.000000 5.000000
8.597526 2.607978 0.000000 5.000000
8.586973 2.642515 0.000000 -2.500000
8.969458 2.727535 0.000000 1.250000
8.613700 2.554051 0.000000 5.000000
9.008807 2.594613 0.000000 6.250000
8.626125 2.511765 0.000000 7.812500
6.535781 2.592690 0.000000 5.937500
6.535784 2.592684 0.000000 5.937500
6.558990 2.533402 0.000000 -2.500000
6.558352 2.535051 0.000000 5.625000
9.409074 2.614722 0.000000 1.562500
9.020595 2.553330 0.000000 -0.312500
5.882296 3.851892 0.000000 -2.500000
5.852898 3.896416 0.000000 5.625000
6.556022 2.541073 0.000000 -0.625000
5.948276 2.952272 0.000000 1.250000
6.941952 2.625555 0.000000 -0.937500
6.918023 2.687971 0.000000 5.625000
6.479493 2.730320 0.000000 1.250000
9.808170 2.636136 0.000000 1.250000
9.424569 2.558307 0.000000 5.312500
6.955406 2.589702 0.000000 -3.125000
6.941379 2.627070 0.000000 -0.625000
6.968150 2.555213 0.000000 5.312500
6.973258 2.541239 0.000000 -3.125000
6.961377 2.573608 0.000000 3.125000
6.965715 2.561844 0.000000 5.312500
6.976073 2.533503 0.000000 3.437500
6.242779 4.013968 0.000000 3.437500
1.866846 2.506095 0.000000 0.937500
1.652037 2.652621 0.000000 -1.250000
2.912929 2.602621 0.000000 -1.875000
2.924708 2.589376 0.000000 4.375000
2.993012 2.510113 0.000000 4.375000
2.055946 3.321427 0.000000 4.375000
3.411471 2.612469 0.000000 4.687500
2.860363 2.660284 0.000000 0.937500
2.314608 3.620183 0.000000 4.375000
1.633218 2.664249 0.000000 0.625000
2.908179 2.607927 0.000000 0.937500
2.225003 2.721944 0.000000 -2.187500
3.912323 2.581935 0.000000 -2.812500
3.262239 2.796593 0.000000 0.937500
3.961006 2.506608 0.000000 -2.500000
3.920565 2.569402 0.000000 4.375000
4.488356 2.375293 0.000000 4.687500
2.898554 4.169621 0.000000 4.687500
6.951102 2.601232 0.000000 -0.937500
6.958104 2.582445 0.000000 5.625000
6.974865 2.536824 0.000000 5.625000
6.961284 2.573861 0.000000 -2.500000
6.955945 2.588254 0.000000 -0.937500
7.359979 2.620280 0.000000 1.562500
6.967018 2.558298 0.000000 -0.937500
7.364221 2.608335 0.000000 1.562500
7.355992 2.631452 0.000000 5.312500
7.696477 3.823190 0.000000 7.500000
4.801994 2.616883 0.000000 5.000000
3.330495 4.337629 0.000000 5.000000
7.344614 2.663043 0.000000 -3.125000
7.360940 2.617579 0.000000 3.437500
4.816085 2.590859 0.000000 5.000000
4.699871 2.796147 0.000000 -2.500000
5.237881 2.626191 0.000000 4.375000
4.272199 2.745118 0.000000 1.875000
5.276439 2.547835 0.000000 4.687500
4.625241 2.917940 0.000000 1.250000
5.288378 2.522960 0.000000 -1.250000
4.610336 2.941433 0.000000 1.250000
8.183746 2.622752 0.000000 -2.500000
8.185178 2.618283 0.000000 -0.625000
5.690553 2.584589 0.000000 4.687500
4.639632 2.895002 0.000000 1.250000
4.835068 3.960381 0.000000 4.687500
9.033772 2.506308 0.000000 7.812500
8.192763 2.594450 0.000000 -3.125000
5.694809 2.575198 0.000000 -1.875000
5.698881 2.566175 0.000000 4.687500
8.207803 2.546472 0.000000 4.687500
8.203447 2.560467 0.000000 5.625000
5.689387 2.587156 0.000000 -2.812500
8.607871 2.573626 0.000000 3.437500
8.609972 2.566588 0.000000 5.312500
8.635386 2.479737 0.000000 -1.875000
9.000194 2.624338 0.000000 -1.875000
9.011316 2.585885 0.000000 6.250000
6.533355 2.598797 0.000000 5.937500
5.581927 2.811511 0.000000 1.250000
6.538326 2.586265 0.000000 -0.625000
6.535158 2.594260 0.000000 5.625000
6.559178 2.532916 0.000000 -2.500000
6.558847 2.533773 0.000000 5.625000
6.951618 2.599852 0.000000 1.250000
6.938430 2.634845 0.000000 5.625000
6.957480 2.584125 0.000000 -2.812500
6.967273 2.557605 0.000000 5.312500
6.960315 2.576479 0.000000 3.125000
6.959871 2.577679 0.000000 5.312500
6.965254 2.563095 0.000000 -3.125000
7.361559 2.615838 0.000000 -3.437500
7.350328 2.647232 0.000000 3.750000
7.371883 2.586599 0.000000 -3.125000
7.371676 2.587189 0.000000 -1.562500
7.382063 2.557402 0.000000 -3.125000
7.389829 2.534873 0.000000 3.750000
7.393211 2.524992 0.000000 -3.437500
7.767361 2.638060 0.000000 4.687500
6.945117 2.617172 0.000000 2.500000
6.771673 3.037873 0.000000 1.250000
7.766907 2.639395 0.000000 -2.187500
6.807203 2.957400 0.000000 1.250000
7.783962 2.588667 0.000000 -3.125000
7.785674 2.583513 0.000000 -2.187500
7.777237 2.608802 0.000000 5.000000
10.238220 2.532868 0.000000 -3.125000
10.227386 2.576268 0.000000 1.250000
7.799994 2.539953 0.000000 -3.125000
7.798629 2.544141 0.000000 -0.625000
7.198402 3.036143 0.000000 1.250000
8.177234 2.642989 0.000000 -3.125000
7.367369 3.607372 0.000000 1.250000
10.641094 2.529035 0.000000 -3.125000
10.625706 2.592928 0.000000 6.250000
8.201911 2.565384 0.000000 -1.875000
8.193312 2.592716 0.000000 5.000000
8.195752 2.584994 0.000000 4.062500
8.195460 2.585917 0.000000 5.625000
10.626493 2.589698 0.000000 -3.125000
10.632491 2.564963 0.000000 5.625000
8.168416 2.670116 0.000000 -2.500000
8.199849 2.571968 0.000000 3.125000
8.199557 2.572896 0.000000 5.312500
8.206505 2.550650 0.000000 -1.875000
8.204175 2.558136 0.000000 -3.125000
8.186537 2.614030 0.000000 -1.875000
8.208832 2.543150 0.000000 6.250000
7.645289 2.973352 0.000000 1.250000
11.090814 2.306569 0.000000 4.687500
11.031090 2.577105 0.000000 -3.125000
8.611976 2.559857 0.000000 -2.187500
8.605183 2.582602 0.000000 5.937500
11.438096 2.549325 0.000000 1.562500
11.430712 2.582235 0.000000 6.250000
9.006948 2.601062 0.000000 -0.625000
9.007406 2.599474 0.000000 5.625000
11.428015 2.594143 0.000000 -5.312500
11.431870 2.577104 0.000000 -0.625000
9.018234 2.561657 0.000000 -2.500000
9.014920 2.573293 0.000000 5.312500
9.047337 2.456895 0.000000 6.875000
9.398494 2.652496 0.000000 -1.562500
9.021796 2.549080 0.000000 -1.562500
8.470481 2.994987 0.000000 1.250000
9.418937 2.578966 0.000000 -3.437500
9.419786 2.575859 0.000000 1.250000
9.411295 2.606713 0.000000 -2.187500
9.426970 2.549444 0.000000 1.250000
9.415709 2.590723 0.000000 5.000000
9.794500 2.686481 0.000000 -2.500000
9.421470 2.569697 0.000000 4.687500
12.227633 2.595186 0.000000 -3.125000
12.227598 2.595350 0.000000 0.937500
12.227483 2.595897 0.000000 -3.125000
11.169333 3.546137 0.000000 7.812500
12.149940 4.306641 0.000000 3.750000
12.129315 4.364391 0.000000 5.312500
9.821007 2.587903 0.000000 -5.312500
9.826161 2.568262 0.000000 -2.187500
8.877793 3.012542 0.000000 1.250000
9.831623 2.547275 0.000000 -3.750000
9.257259 3.109756 0.000000 1.250000
12.632321 2.567621 0.000000 -3.437500
12.624685 2.604907 0.000000 5.625000
10.219160 2.608704 0.000000 -3.125000
9.278641 3.045366 0.000000 1.250000
10.603413 2.682637 0.000000 -2.187500
10.224806 2.586485 0.000000 5.000000
13.020411 2.619255 0.000000 -2.500000
13.403163 2.697294 0.000000 4.062500
10.238047 2.533569 0.000000 5.312500
10.214534 2.626762 0.000000 -3.125000
9.676460 3.084726 0.000000 1.250000
10.625480 2.593855 0.000000 -1.250000
9.695170 3.025406 0.000000 1.250000
10.635188 2.553757 0.000000 -3.125000
10.618302 2.623082 0.000000 6.250000
10.628654 2.580820 0.000000 -2.500000
10.622539 2.605873 0.000000 5.000000
14.201800 2.683596 0.000000 3.437500
13.427593 2.572915 0.000000 6.250000
10.641276 2.528270 0.000000 -3.125000
10.633923 2.559024 0.000000 5.937500
11.029745 2.582856 0.000000 -3.125000
10.084881 3.087353 0.000000 1.250000
11.431662 2.578025 0.000000 -2.500000
10.473870 3.150704 0.000000 1.250000
11.511717 3.757304 0.000000 7.812500
11.432731 2.573279 0.000000 -2.500000
11.431654 2.578058 0.000000 -1.250000
11.820684 2.628380 0.000000 1.562500
11.437995 2.549779 0.000000 -3.125000
12.276963 3.929934 0.000000 7.812500
14.221142 2.579134 0.000000 -1.562500
14.219720 2.586967 0.000000 5.000000
11.438470 2.547649 0.000000 -5.312500
11.438623 2.546957 0.000000 -2.500000
14.615542 2.592843 0.000000 0.937500
14.617178 2.583606 0.000000 5.312500
15.055799 2.325746 0.000000 1.875000
14.617187 2.583556 0.000000 -3.125000
12.247596 2.499279 0.000000 5.312500
12.227221 2.597131 0.000000 -3.125000
11.265929 3.226132 0.000000 1.250000
11.762687 4.229562 0.000000 5.312500
12.224334 2.610682 0.000000 -5.312500
11.307395 3.077651 0.000000 1.250000
12.240405 2.534261 0.000000 -2.500000
11.683903 3.181724 0.000000 1.250000
12.197157 4.171040 0.000000 6.562500
15.018866 2.553403 0.000000 -0.625000
15.019201 2.551426 0.000000 5.937500
15.021023 2.540682 0.000000 4.687500
15.012725 2.589260 0.000000 -5.000000
12.629825 2.579871 0.000000 -2.500000
12.623782 2.609277 0.000000 5.000000
12.628235 2.587641 0.000000 -3.125000
12.627851 2.589517 0.000000 5.625000
12.635453 2.552162 0.000000 -2.500000
11.714461 3.067306 0.000000 1.250000
12.637683 2.541102 0.000000 -3.125000
12.637044 2.544276 0.000000 5.625000
12.098751 3.141689 0.000000 1.250000
13.026457 2.589020 0.000000 -2.500000
13.025406 2.594301 0.000000 5.937500
15.415883 2.547782 0.000000 -1.875000
15.800347 2.617110 0.000000 1.250000
15.805065 2.588470 0.000000 -5.000000
17.341787 2.872786 0.000000 3.750000
13.427287 2.574514 0.000000 6.250000
12.489369 3.191217 0.000000 1.250000
16.208052 2.542456 0.000000 5.312500
16.202871 2.575268 0.000000 -5.625000
16.968319 2.736110 0.000000 -0.937500
24.026510 3.045434 0.000000 8.125000
21.269144 3.033467 0.000000 8.125000
13.825873 2.568876 0.000000 -3.750000
13.825770 2.569431 0.000000 -1.875000
16.598656 2.572871 0.000000 -2.187500
16.600546 2.560637 0.000000 5.625000
16.619251 2.436284 0.000000 8.125000
14.228161 2.540130 0.000000 -3.125000
13.338077 3.002643 0.000000 1.250000
14.227311 2.544885 0.000000 -1.562500
13.327966 3.047212 0.000000 1.250000
24.090151 2.492497 0.000000 8.125000
14.616940 2.584958 0.000000 -2.500000
17.386272 2.589991 0.000000 -2.812500
17.380253 2.630074 0.000000 1.562500
14.622044 2.555925 0.000000 -2.500000
13.736238 3.011588 0.000000 1.250000
17.388659 2.573915 0.000000 -3.437500
17.391777 2.552757 0.000000 -1.250000
14.634359 2.484442 0.000000 4.375000
15.013128 2.586923 0.000000 -3.125000
17.785919 2.556763 0.000000 -1.250000
17.392870 2.545303 0.000000 -5.312500
17.778524 2.607687 0.000000 -2.187500
15.012468 2.590748 0.000000 -5.000000
15.015482 2.573224 0.000000 4.687500
14.120279 3.083916 0.000000 1.250000
15.020849 2.541706 0.000000 -5.000000
15.019939 2.547074 0.000000 -4.062500
17.784792 2.564603 0.000000 5.000000
17.778461 2.608124 0.000000 -4.375000
15.413728 2.560789 0.000000 -3.125000
14.517025 3.097240 0.000000 1.250000
17.787277 2.547299 0.000000 -5.312500
18.178265 2.572411 0.000000 -2.187500
15.415352 2.550993 0.000000 -5.000000
15.043385 2.404741 0.000000 4.687500
18.182688 2.540959 0.000000 -3.437500
15.804836 2.589860 0.000000 -2.812500
14.926423 3.047631 0.000000 1.250000
15.804995 2.588898 0.000000 -5.000000
14.926008 3.049665 0.000000 1.250000
18.971609 2.538018 0.000000 -3.125000
19.358469 2.592173 0.000000 1.250000
16.600163 2.563132 0.000000 -2.187500
16.605087 2.531022 0.000000 5.937500
19.365721 2.537433 0.000000 -3.437500
19.748968 2.619045 0.000000 1.562500
19.754662 2.575744 0.000000 -0.937500
19.750216 2.609610 0.000000 1.250000
19.367962 2.520268 0.000000 5.937500
17.386215 2.590369 0.000000 -2.187500
17.386297 2.589817 0.000000 6.250000
20.148771 2.573839 0.000000 1.250000
17.778400 2.608540 0.000000 -2.187500
17.766211 2.690302 0.000000 5.937500
20.150881 2.557279 0.000000 -2.187500
20.150724 2.558517 0.000000 6.250000
17.785709 2.558223 0.000000 -3.437500
17.785509 2.559616 0.000000 -1.562500
20.542639 2.572824 0.000000 -4.062500
20.150976 2.556524 0.000000 -2.187500
17.245060 3.405638 0.000000 1.250000
17.245058 3.405647 0.000000 1.250000
21.328856 2.580364 0.000000 -1.562500
18.573755 2.564786 0.000000 -2.500000
17.976213 3.731270 0.000000 1.250000
21.328777 2.581002 0.000000 -2.187500
21.328966 2.579444 0.000000 2.812500
18.965979 2.579770 0.000000 -2.187500
18.116922 2.973841 0.000000 1.250000
19.208132 3.537992 0.000000 8.125000
21.722338 2.579864 0.000000 4.375000
21.719072 2.607205 0.000000 1.562500
19.358604 2.591177 0.000000 -2.187500
18.502720 3.035110 0.000000 1.250000
21.729345 2.520155 0.000000 -2.812500
21.731112 2.504879 0.000000 5.625000
19.365997 2.535328 0.000000 -2.812500
18.495136 3.080977 0.000000 1.250000
19.365808 2.536762 0.000000 -3.437500
19.362896 2.558902 0.000000 5.625000
22.510101 2.569240 0.000000 -3.437500
22.509884 2.571147 0.000000 0.625000
20.150969 2.556581 0.000000 -1.875000
20.533648 2.643613 0.000000 1.250000
19.763559 2.506557 0.000000 -2.812500
19.259998 3.243797 0.000000 1.250000
20.151384 2.553303 0.000000 -2.187500
20.150478 2.560446 0.000000 6.250000
19.268177 3.194856 0.000000 1.250000
20.150990 2.556424 0.000000 -2.187500
19.671797 3.146673 0.000000 1.250000
20.543341 2.567201 0.000000 -1.875000
19.629673 3.399561 0.000000 1.250000
20.547781 2.531425 0.000000 -2.187500
20.034666 3.348104 0.000000 1.250000
20.463446 3.141148 0.000000 1.250000
21.628433 3.275137 0.000000 8.125000
21.329006 2.579121 0.000000 -2.187500
21.312160 2.714810 0.000000 4.687500
21.328978 2.579367 0.000000 -2.187500
20.429968 3.351980 0.000000 1.250000
21.572472 3.625472 0.000000 8.125000
21.328413 2.584021 0.000000 -4.687500
20.452250 3.213229 0.000000 1.250000
24.085243 2.539464 0.000000 -0.937500
24.086380 2.528675 0.000000 5.312500
20.841274 3.253855 0.000000 1.250000
21.631235 3.256583 0.000000 8.125000
21.729446 2.519286 0.000000 -2.187500
21.123497 3.921257 0.000000 1.250000
24.479368 2.526239 0.000000 -2.187500
24.479294 2.526960 0.000000 0.937500
24.085175 2.540117 0.000000 -3.437500
21.723452 2.570463 0.000000 -3.437500
21.729876 2.515584 0.000000 5.625000
21.728765 2.525149 0.000000 -5.000000
21.729435 2.519383 0.000000 -2.500000
24.862808 2.615482 0.000000 1.250000
22.427940 3.208298 0.000000 8.125000
21.250246 3.163132 0.000000 1.250000
22.510235 2.568070 0.000000 -3.437500
21.631191 3.256867 0.000000 1.250000
24.872559 2.521077 0.000000 -3.437500
24.869122 2.554762 0.000000 5.312500
24.872061 2.525997 0.000000 -3.437500
27.875961 3.734487 0.000000 8.125000
21.614904 3.363259 0.000000 1.250000
22.510284 2.567636 0.000000 -1.875000
22.510178 2.568565 0.000000 5.937500
21.601038 3.451206 0.000000 1.250000
22.510277 2.567711 0.000000 -1.875000
21.599504 3.460787 0.000000 1.250000
25.261358 2.558837 0.000000 -1.875000
25.261156 2.560823 0.000000 4.062500
25.653738 2.560979 0.000000 1.562500
25.654284 2.555500 0.000000 5.625000
23.295271 2.578123 0.000000 -4.687500
23.302021 2.516390 0.000000 5.625000
23.301083 2.525063 0.000000 -3.437500
23.296478 2.567190 0.000000 5.625000
23.301344 2.522660 0.000000 -3.437500
23.288185 2.641372 0.000000 7.500000
26.046961 2.553985 0.000000 -5.000000
26.047695 2.546487 0.000000 -1.875000
23.301641 2.519899 0.000000 -2.500000
23.301485 2.521341 0.000000 5.000000
23.689419 2.567289 0.000000 -1.875000
22.782055 3.483736 0.000000 1.250000
23.984991 3.356799 0.000000 8.125000
22.800709 3.359484 0.000000 1.250000
23.689699 2.564687 0.000000 -1.875000
24.015472 3.131282 0.000000 8.125000
22.836123 3.109658 0.000000 1.250000
23.690598 2.556384 0.000000 -4.687500
22.809908 3.296448 0.000000 1.250000
24.277225 4.029599 0.000000 8.125000
24.085197 2.539915 0.000000 -3.437500
24.085329 2.538647 0.000000 -1.562500
24.471830 2.598243 0.000000 1.250000
24.479364 2.526280 0.000000 -1.875000
23.541788 3.682905 0.000000 1.250000
24.085299 2.538945 0.000000 -3.437500
26.831047 2.562386 0.000000 -1.875000
27.219976 2.598746 0.000000 1.250000
23.590330 3.357963 0.000000 1.250000
26.831039 2.562463 0.000000 -5.000000
26.831188 2.560914 0.000000 -1.875000
27.219839 2.600200 0.000000 1.250000
24.479029 2.529518 0.000000 -4.687500
24.479338 2.526532 0.000000 -1.875000
24.479912 2.520958 0.000000 -4.687500
23.629728 3.068470 0.000000 1.250000
27.227249 2.521421 0.000000 -3.437500
27.227470 2.519035 0.000000 -2.500000
27.227379 2.520039 0.000000 6.250000
24.872581 2.520856 0.000000 -3.437500
23.977728 3.408288 0.000000 1.250000
25.261097 2.561401 0.000000 -1.875000
25.261339 2.559013 0.000000 6.250000
25.261187 2.560520 0.000000 -2.812500
24.381979 3.337732 0.000000 1.250000
27.621258 2.502327 0.000000 -1.875000
25.261787 2.554588 0.000000 -1.875000
24.404676 3.167521 0.000000 1.250000
24.783709 3.281432 0.000000 1.250000
24.783707 3.281445 0.000000 1.250000
25.654222 2.556129 0.000000 -3.437500
25.654036 2.557992 0.000000 -3.437500
24.782713 3.288943 0.000000 1.250000
26.047531 2.548166 0.000000 -1.875000
25.119484 3.700722 0.000000 1.250000
26.047573 2.547751 0.000000 -1.875000
25.207012 3.048019 0.000000 1.250000
26.047676 2.546700 0.000000 -1.875000
25.170424 3.336704 0.000000 1.250000
26.047876 2.544643 0.000000 -5.000000
25.193781 3.155504 0.000000 1.250000
26.441946 2.527837 0.000000 -2.187500
25.190609 3.180735 0.000000 1.250000
26.441963 2.527634 0.000000 -3.437500
26.441168 2.535952 0.000000 5.937500
26.068937 2.318951 0.000000 4.375000
26.441488 2.532609 0.000000 -3.437500
26.771940 3.119968 0.000000 8.125000
25.924511 3.589811 0.000000 1.250000
29.186651 2.538952 0.000000 -3.437500
29.186796 2.537289 0.000000 5.937500
26.830730 2.565721 0.000000 -1.875000
26.830519 2.567912 0.000000 5.312500
29.187349 2.530916 0.000000 -3.437500
29.572567 2.609791 0.000000 1.250000
26.830925 2.563655 0.000000 -5.000000
26.830854 2.564419 0.000000 -1.875000
26.830708 2.565946 0.000000 -5.000000
25.962498 3.303904 0.000000 1.250000
26.626591 4.182775 0.000000 4.687500
26.850937 2.344819 0.000000 5.625000
26.349108 3.360191 0.000000 1.250000
29.580763 2.515175 0.000000 -3.125000
29.969543 2.553433 0.000000 1.875000
29.579046 2.535280 0.000000 5.312500
27.226776 2.526519 0.000000 -3.437500
26.367504 3.212652 0.000000 1.250000
27.226694 2.527419 0.000000 -3.437500
26.394348 2.984094 0.000000 1.250000
27.621359 2.501206 0.000000 -1.875000
26.748529 3.314676 0.000000 1.250000
27.622347 2.490299 0.000000 -1.875000
26.783842 3.016086 0.000000 1.250000
27.909552 3.474564 0.000000 8.125000
27.621147 2.503547 0.000000 -1.875000
26.762976 3.195950 0.000000 1.250000
27.621120 2.503835 0.000000 4.687500
27.626783 2.440584 0.000000 6.250000
30.364958 2.512792 0.000000 -3.437500
30.365519 2.506000 0.000000 5.312500
27.158583 3.176802 0.000000 1.250000
27.908939 3.479476 0.000000 8.125000
28.014988 2.485168 0.000000 -3.437500
27.551764 3.177392 0.000000 1.250000
30.753717 2.551445 0.000000 -1.562500
31.143641 2.576076 0.000000 1.875000
30.754807 2.538279 0.000000 5.625000
30.753525 2.553756 0.000000 -1.562500
30.748011 2.619333 0.000000 2.187500
28.399895 2.566482 0.000000 -2.187500
27.563156 3.076997 0.000000 1.250000
28.404146 2.519010 0.000000 -1.875000
28.793112 2.555013 0.000000 5.000000
31.539545 2.527095 0.000000 -1.250000
31.539349 2.529550 0.000000 4.062500
31.929110 2.555976 0.000000 1.250000
31.767618 4.101146 0.000000 4.687500
29.186525 2.540401 0.000000 -3.437500
28.325686 3.285783 0.000000 1.250000
29.202244 2.352839 0.000000 -2.187500
29.186729 2.538058 0.000000 -3.437500
29.186602 2.539514 0.000000 -3.437500
29.176657 2.651332 0.000000 5.312500
28.741352 3.083172 0.000000 1.250000
32.323872 2.518995 0.000000 -1.875000
31.536354 2.566613 0.000000 4.687500
29.581650 2.504731 0.000000 -3.125000
28.737991 3.114336 0.000000 1.250000
29.580025 2.523839 0.000000 -3.125000
29.580851 2.514131 0.000000 5.312500
30.280766 3.379342 0.000000 8.125000
29.062777 3.696203 0.000000 1.250000
32.718098 2.487225 0.000000 -3.437500
32.713444 2.547698 0.000000 3.125000
30.364531 2.517936 0.000000 -3.437500
29.125212 3.166840 0.000000 1.250000
30.753815 2.550290 0.000000 -3.437500
30.640860 3.665896 0.000000 8.125000
30.753893 2.549337 0.000000 -3.125000
29.896536 3.300103 0.000000 1.250000
33.496632 2.552616 0.000000 -3.750000
33.496990 2.547902 0.000000 -1.562500
30.754356 2.543731 0.000000 5.625000
29.931402 2.967282 0.000000 1.250000
30.751270 2.580780 0.000000 5.625000
29.904421 3.227872 0.000000 1.250000
30.743481 2.671968 0.000000 5.625000
29.917425 3.105030 0.000000 1.250000
31.539658 2.525703 0.000000 -2.187500
30.306776 3.137524 0.000000 1.250000
31.539604 2.526367 0.000000 -2.500000
30.683102 3.293683 0.000000 1.250000
31.538128 2.544728 0.000000 -2.500000
30.686636 3.260582 0.000000 1.250000
33.890305 2.526839 0.000000 -3.437500
33.890030 2.530530 0.000000 4.687500
30.701868 3.113882 0.000000 1.250000
32.503517 4.492378 0.000000 3.125000
31.358036 4.219327 0.000000 5.937500
32.323574 2.522825 0.000000 -3.437500
31.094461 3.113985 0.000000 1.250000
31.934536 2.487252 0.000000 -3.437500
31.086361 3.193841 0.000000 1.250000
31.934343 2.489707 0.000000 5.937500
31.090208 3.156182 0.000000 1.250000
34.674477 2.515804 0.000000 -1.250000
34.511410 4.196580 0.000000 4.687500
32.718006 2.488402 0.000000 -3.437500
32.715088 2.526497 0.000000 4.375000
31.883305 3.075033 0.000000 1.250000
35.457680 2.516581 0.000000 -3.437500
35.453899 2.569317 0.000000 4.687500
35.459354 2.492881 0.000000 -3.437500
35.459522 2.490508 0.000000 -1.250000
35.471756 2.309706 0.000000 5.937500
35.460018 2.483431 0.000000 -3.437500
35.459454 2.491499 0.000000 -1.250000
35.459702 2.487974 0.000000 5.000000
33.496952 2.548411 0.000000 -3.125000
32.266682 3.168472 0.000000 1.250000
33.887478 2.564500 0.000000 -3.750000
32.661556 3.143724 0.000000 1.250000
33.323624 4.251625 0.000000 6.250000
36.238949 2.543867 0.000000 -1.250000
32.684319 2.897484 0.000000 1.250000
36.230972 2.655065 0.000000 7.187500
33.044151 3.245251 0.000000 1.250000
33.890762 2.520694 0.000000 -3.437500
33.046669 3.219496 0.000000 1.250000
33.697914 4.403230 0.000000 5.625000
34.280334 2.549348 0.000000 -1.562500
33.441376 3.195997 0.000000 1.250000
34.526390 4.071486 0.000000 4.375000
37.024986 2.501237 0.000000 -3.437500
36.860664 4.289176 0.000000 7.500000
37.025642 2.491479 0.000000 -3.125000
37.024197 2.512898 0.000000 -2.187500
35.453941 2.568750 0.000000 -3.125000
34.601101 3.378254 0.000000 1.250000
35.461266 2.465545 0.000000 -3.437500
35.395084 3.281500 0.000000 8.125000
34.600422 3.385167 0.000000 1.250000
37.809937 2.471466 0.000000 -1.250000
38.199757 2.496530 0.000000 3.125000
35.467442 2.375078 0.000000 5.000000
35.003864 3.269780 0.000000 1.250000
35.796394 3.181545 0.000000 8.125000
34.982231 3.493615 0.000000 1.250000
34.990368 3.411175 0.000000 1.250000
36.134056 3.750009 0.000000 8.125000
35.377594 3.464988 0.000000 1.250000
36.146469 3.628431 0.000000 8.125000
35.415131 3.057581 0.000000 1.250000
36.179169 3.286401 0.000000 8.125000
35.403099 3.193898 0.000000 1.250000
36.564968 3.357049 0.000000 8.125000
35.383080 3.408532 0.000000 1.250000
36.554558 3.468545 0.000000 8.125000
36.567902 3.324955 0.000000 8.125000
35.767525 3.491143 0.000000 1.250000
39.763775 2.523217 0.000000 -3.750000
39.763569 2.526432 0.000000 -1.250000
39.763550 2.526746 0.000000 3.437500
39.763832 2.522281 0.000000 -3.750000
39.763855 2.521972 0.000000 -1.250000
39.763966 2.520186 0.000000 4.687500
37.014111 2.657309 0.000000 5.312500
36.187241 3.196288 0.000000 1.250000
37.325954 3.608756 0.000000 8.125000
40.153671 2.547071 0.000000 -3.750000
40.030602 4.044236 0.000000 5.937500
1.868466 2.504887 0.000000 0.937500
1.648978 2.654524 0.000000 -1.250000
2.284054 2.672586 0.000000 -0.312500
1.655733 2.650316 0.000000 0.625000
2.458609 2.512939 0.000000 5.625000
1.801728 2.553312 0.000000 0.625000
2.925751 2.588198 0.000000 4.375000
2.365998 2.600322 0.000000 0.937500
2.064300 3.316241 0.000000 4.375000
4.822201 3.328461 0.000000 6.875000
4.044311 4.239790 0.000000 6.875000
3.241891 2.820156 0.000000 -2.812500
2.843411 2.678396 0.000000 0.937500
3.414490 2.608523 0.000000 4.375000
2.863600 2.656800 0.000000 0.937500
2.311813 2.648611 0.000000 0.937500
3.148335 3.984387 0.000000 -2.812500
4.392527 2.548148 0.000000 6.875000
2.254973 2.697168 0.000000 0.937500
3.327739 2.718324 0.000000 4.375000
2.674380 2.847188 0.000000 0.937500
2.300354 3.629257 0.000000 4.375000
3.366411 2.670283 0.000000 4.375000
2.776266 2.747933 0.000000 0.937500
3.911705 2.582871 0.000000 -2.812500
3.247982 2.813138 0.000000 0.937500
6.543873 2.572196 0.000000 -1.875000
6.526535 2.615879 0.000000 5.625000
6.482907 2.722203 0.000000 3.125000
6.937292 2.637841 0.000000 -0.937500
6.925261 2.669266 0.000000 3.437500
6.950829 2.601964 0.000000 -0.937500
6.957650 2.583668 0.000000 5.625000
7.355703 2.632259 0.000000 -3.125000
7.366210 2.602713 0.000000 1.562500
4.798256 2.623731 0.000000 5.000000
3.321159 4.344782 0.000000 5.000000
7.372748 2.584132 0.000000 5.312500
7.361678 2.615502 0.000000 3.437500
4.825292 2.573671 0.000000 5.000000
4.792500 2.634230 0.000000 -2.500000
7.375373 2.576632 0.000000 3.125000
7.380222 2.562710 0.000000 5.312500
4.845763 2.534918 0.000000 4.687500
4.137270 2.944546 0.000000 0.937500
5.261306 2.578940 0.000000 4.375000
5.230716 2.640433 0.000000 -2.187500
5.263635 2.574184 0.000000 4.062500
4.758338 2.695448 0.000000 1.250000
5.269005 2.563174 0.000000 -3.125000
4.766284 2.681375 0.000000 1.250000
7.798574 2.544308 0.000000 -3.125000
8.177987 2.640657 0.000000 4.687500
5.279990 2.540470 0.000000 -2.812500
4.619164 2.927551 0.000000 1.250000
5.287475 2.524854 0.000000 -1.250000
4.616743 2.931366 0.000000 1.250000
9.088477 2.300047 0.000000 7.187500
8.183219 2.624399 0.000000 -2.500000
8.195228 2.586654 0.000000 -2.812500
8.196317 2.583201 0.000000 5.625000
7.621325 3.970886 0.000000 -2.812500
8.204979 2.555555 0.000000 -3.125000
8.204301 2.557731 0.000000 4.687500
8.202051 2.564936 0.000000 5.625000
5.690573 2.584547 0.000000 -1.875000
5.698765 2.566434 0.000000 4.687500
8.968988 2.729078 0.000000 1.250000
8.598569 2.604535 0.000000 5.937500
8.601213 2.595791 0.000000 4.375000
8.598846 2.603620 0.000000 5.312500
6.534090 2.596950 0.000000 -1.875000
5.535328 2.902179 0.000000 1.250000
6.539954 2.582148 0.000000 -1.875000
6.532947 2.599823 0.000000 5.937500
6.531065 2.604548 0.000000 -0.937500
6.534606 2.595649 0.000000 5.625000
6.550399 2.555533 0.000000 -2.500000
6.559661 2.531662 0.000000 -2.500000
6.558669 2.534232 0.000000 5.625000
5.979045 3.699931 0.000000 -2.500000
5.866276 3.876247 0.000000 5.625000
6.956906 2.585669 0.000000 -3.125000
6.891399 2.755513 0.000000 -0.625000
6.985528 2.507313 0.000000 1.250000
6.960742 2.575326 0.000000 3.125000
6.859722 2.833452 0.000000 -3.125000
9.820391 2.590241 0.000000 3.125000
9.208084 4.284927 0.000000 3.125000
9.832136 2.545293 0.000000 -3.750000
9.827335 2.563766 0.000000 2.812500
7.384060 2.551630 0.000000 -3.125000
7.389778 2.535021 0.000000 3.750000
7.767499 2.637653 0.000000 -2.187500
6.807410 2.956923 0.000000 1.250000
7.785536 2.583928 0.000000 -2.187500
7.782567 2.592858 0.000000 5.625000
10.238102 2.533346 0.000000 -3.125000
10.226267 2.580704 0.000000 1.250000
10.622184 2.607320 0.000000 -2.500000
10.232566 2.555614 0.000000 1.250000
7.801481 2.535382 0.000000 -2.500000
7.375779 3.590145 0.000000 1.250000
7.164400 3.995328 0.000000 -2.500000
10.646708 2.505295 0.000000 -3.125000
10.620884 2.612607 0.000000 1.250000
10.627013 2.587565 0.000000 6.250000
8.223298 2.495980 0.000000 -1.250000
8.186460 2.614271 0.000000 5.000000
7.686178 3.843853 0.000000 -1.250000
7.592177 4.026336 0.000000 5.000000
8.194891 2.587720 0.000000 4.062500
8.195127 2.586976 0.000000 5.625000
8.209108 2.542259 0.000000 -0.937500
7.654165 3.907211 0.000000 -0.937500
7.601007 4.009642 0.000000 5.625000
8.199902 2.571801 0.000000 3.125000
8.199793 2.572147 0.000000 4.062500
8.199528 2.572990 0.000000 5.312500
8.193499 2.592127 0.000000 -2.812500
8.204067 2.558481 0.000000 5.625000
1.656883 2.649596 0.000000 -1.250000
1.673257 2.639287 0.000000 2.187500
2.925515 2.588465 0.000000 4.375000
2.885541 2.632953 0.000000 2.500000
3.866894 2.649488 0.000000 -3.125000
3.853343 2.669158 0.000000 3.750000
2.314848 2.645959 0.000000 0.937500
3.123011 4.004268 0.000000 -2.812500
3.189373 2.255369 0.000000 5.937500
2.910136 2.605743 0.000000 0.937500
3.322299 2.724970 0.000000 4.375000
2.674424 2.847147 0.000000 0.937500
2.371613 3.583098 0.000000 4.375000
3.367567 2.668825 0.000000 4.375000
2.770297 2.753951 0.000000 0.937500
3.912169 2.582168 0.000000 -2.812500
3.891222 2.613628 0.000000 5.312500
3.245629 2.815853 0.000000 0.937500
6.975060 2.536291 0.000000 5.625000
6.956062 2.587938 0.000000 -0.937500
7.364125 2.608605 0.000000 1.562500
7.354983 2.634270 0.000000 5.312500
7.339448 2.677246 0.000000 -3.125000
7.361884 2.614924 0.000000 3.437500
4.800698 2.619260 0.000000 -2.187500
4.828459 2.567725 0.000000 5.000000
4.840709 2.544556 0.000000 -2.812500
4.808187 2.605488 0.000000 4.062500
5.247971 2.605971 0.000000 4.687500
4.445623 3.816898 0.000000 4.687500
5.572960 2.829243 0.000000 -9.375000
4.577109 2.992874 0.000000 1.250000
7.794693 2.556172 0.000000 -3.750000
7.789672 2.571435 0.000000 -2.812500
5.279795 2.540873 0.000000 -2.812500
4.622590 2.922139 0.000000 1.250000
4.611864 2.939037 0.000000 1.250000
4.743549 3.439624 0.000000 -1.250000
8.193129 2.593295 0.000000 -2.500000
8.192048 2.596706 0.000000 -1.562500
8.193843 2.591038 0.000000 -3.125000
8.194100 2.590225 0.000000 -1.875000
8.204087 2.558415 0.000000 -2.500000
8.203453 2.560451 0.000000 5.625000
8.601762 2.593972 0.000000 4.687500
8.586313 2.644660 0.000000 -2.500000
8.100251 3.886505 0.000000 -2.500000
7.968704 4.149549 0.000000 4.687500
7.880852 4.314067 0.000000 -2.500000
8.602551 2.591350 0.000000 4.375000
8.599498 2.601467 0.000000 5.937500
8.597974 2.606501 0.000000 -5.312500
8.605104 2.582861 0.000000 -2.500000
8.981262 2.688412 0.000000 4.687500
6.118656 2.580688 0.000000 -3.125000
6.108625 2.604342 0.000000 -1.875000
5.564540 2.845768 0.000000 1.562500
6.530138 2.606870 0.000000 5.937500
5.642110 2.688699 0.000000 2.187500
5.804060 3.968799 0.000000 5.937500
6.559447 2.532218 0.000000 -2.187500
6.535347 2.593784 0.000000 5.625000
6.556398 2.540101 0.000000 -2.500000
6.557210 2.538004 0.000000 5.625000
9.409847 2.611937 0.000000 -1.875000
9.419569 2.576654 0.000000 1.250000
6.555755 2.541762 0.000000 -0.625000
6.564676 2.518631 0.000000 5.625000
6.957446 2.584216 0.000000 -3.125000
6.967028 2.558272 0.000000 5.312500
6.961772 2.572539 0.000000 -2.500000
6.962174 2.571449 0.000000 3.125000
7.372807 2.583964 0.000000 0.937500
7.361701 2.615439 0.000000 -3.437500
9.831234 2.548777 0.000000 -3.750000
9.826453 2.567143 0.000000 2.812500
7.372702 2.584265 0.000000 -3.125000
7.382761 2.555386 0.000000 3.437500
7.375185 2.577171 0.000000 -5.312500
7.383793 2.552402 0.000000 -3.125000
7.391634 2.529605 0.000000 -3.750000
7.769408 2.632027 0.000000 4.687500
6.783296 3.011831 0.000000 1.250000
7.782792 2.592183 0.000000 -3.125000
7.785573 2.583820 0.000000 -2.187500
10.238243 2.532776 0.000000 -3.125000
10.223076 2.593317 0.000000 1.250000
10.617351 2.626934 0.000000 -2.187500
10.233474 2.551975 0.000000 1.250000
7.799616 2.541112 0.000000 -3.125000
7.202586 3.026204 0.000000 1.250000
10.617466 2.626467 0.000000 -0.312500
10.626948 2.587831 0.000000 5.625000
10.596412 2.710160 0.000000 -3.125000
8.201372 2.567106 0.000000 -1.562500
7.799008 2.542977 0.000000 -2.500000
10.627700 2.584742 0.000000 -2.500000
10.491396 3.091847 0.000000 7.812500
8.187804 2.610057 0.000000 5.000000
8.176642 2.644819 0.000000 -2.812500
8.195151 2.586898 0.000000 4.062500
8.195654 2.585303 0.000000 5.625000
10.616780 2.629239 0.000000 -3.125000
10.630799 2.571966 0.000000 5.000000
8.185522 2.617207 0.000000 -2.187500
8.200275 2.570607 0.000000 3.125000
8.199782 2.572181 0.000000 4.062500
8.208771 2.543350 0.000000 -2.187500
7.634489 3.000973 0.000000 1.250000
8.583839 2.652677 0.000000 -2.812500
7.623968 3.027603 0.000000 1.250000
11.038563 2.544904 0.000000 -3.125000
12.560196 2.899947 0.000000 0.000000
11.034849 2.560959 0.000000 -1.875000
11.040539 2.536319 0.000000 6.250000
11.437885 2.550271 0.000000 1.562500
11.448782 2.500897 0.000000 6.250000
11.431540 2.578561 0.000000 -3.125000
9.757432 2.818141 0.000000 4.062500
9.180723 4.343240 0.000000 4.062500
9.006790 2.601606 0.000000 -0.625000
9.008219 2.596656 0.000000 5.937500
11.817293 2.643585 0.000000 1.562500
11.431221 2.579981 0.000000 -0.625000
9.014184 2.575871 0.000000 -2.187500
9.009911 2.590779 0.000000 -0.625000
9.012459 2.581900 0.000000 5.312500
9.419478 2.576986 0.000000 -3.125000
9.415647 2.590951 0.000000 1.250000
9.406798 2.622897 0.000000 5.000000
9.424761 2.557601 0.000000 -3.125000
9.423607 2.561848 0.000000 1.250000
11.831291 2.580216 0.000000 -5.312500
11.837431 2.551898 0.000000 -3.437500
9.416707 2.587095 0.000000 5.000000
11.835477 2.560950 0.000000 -2.500000
12.227770 2.594540 0.000000 1.250000
12.227132 2.597549 0.000000 -3.125000
12.227941 2.593736 0.000000 0.937500
12.264655 2.414170 0.000000 8.125000
9.826579 2.566662 0.000000 -3.750000
8.898366 2.951222 0.000000 1.250000
12.637280 2.543102 0.000000 -3.437500
13.009594 2.672466 0.000000 3.750000
10.218472 2.611402 0.000000 -3.125000
10.222358 2.596146 0.000000 5.312500
10.228803 2.570633 0.000000 -2.812500
10.228803 2.570633 0.000000 -2.812500
10.232459 2.556044 0.000000 -3.750000
13.035155 2.544863 0.000000 -3.125000
13.025975 2.591444 0.000000 5.937500
10.622674 2.605322 0.000000 5.937500
9.694340 3.028068 0.000000 1.250000
10.100533 4.196204 0.000000 5.937500
13.033193 2.554893 0.000000 -2.500000
13.039474 2.522644 0.000000 5.312500
13.025675 2.592951 0.000000 1.875000
10.628491 2.581488 0.000000 -3.125000
10.625136 2.595262 0.000000 5.937500
10.627504 2.585548 0.000000 -5.000000
10.637769 2.542988 0.000000 -2.187500
10.631336 2.569748 0.000000 5.625000
11.029407 2.584300 0.000000 -1.875000
11.025911 2.599175 0.000000 2.500000
13.427551 2.573137 0.000000 -3.125000
13.427871 2.571469 0.000000 6.250000
13.426824 2.576931 0.000000 -1.562500
13.421800 2.602973 0.000000 -5.625000
10.636921 2.546532 0.000000 -5.000000
10.633480 2.560862 0.000000 -2.187500
11.030793 2.578378 0.000000 -3.125000
10.071278 3.131445 0.000000 1.250000
1.648762 2.654658 0.000000 -1.250000
1.671903 2.640145 0.000000 2.187500
2.912225 2.603408 0.000000 -1.875000
2.921398 2.593110 0.000000 4.375000
3.416066 2.606459 0.000000 4.375000
2.859195 2.661540 0.000000 0.937500
3.444269 2.569075 0.000000 -2.187500
3.430710 2.587153 0.000000 4.687500
4.380948 2.568004 0.000000 -2.812500
3.108593 4.015471 0.000000 -2.812500
2.906410 2.609899 0.000000 0.937500
2.224305 2.722515 0.000000 -2.187500
5.254175 2.593437 0.000000 5.000000
4.497764 3.755316 0.000000 5.000000
2.949529 2.561068 0.000000 4.375000
2.352916 2.612165 0.000000 0.937500
3.366957 2.669594 0.000000 4.375000
3.079990 2.996130 0.000000 -6.250000
2.774731 2.749483 0.000000 0.937500
9.972219 3.433867 0.000000 7.812500
6.800944 2.971765 0.000000 5.312500
3.911854 2.582645 0.000000 -2.812500
3.892906 2.611119 0.000000 5.312500
3.252500 2.807914 0.000000 0.937500
6.545798 2.567295 0.000000 -1.875000
6.529655 2.608081 0.000000 3.750000
4.056841 2.348339 0.000000 6.250000
3.961004 2.506612 0.000000 -2.500000
3.918660 2.572306 0.000000 4.375000
6.937387 2.637591 0.000000 -0.937500
6.951365 2.600528 0.000000 5.937500
6.951114 2.601200 0.000000 -0.937500
6.957994 2.582741 0.000000 5.625000
5.377008 2.328102 0.000000 7.187500
3.717101 2.855839 0.000000 0.937500
4.896342 2.435788 0.000000 5.312500
3.756407 2.803937 0.000000 0.937500
7.383334 2.553729 0.000000 1.250000
7.363823 2.609457 0.000000 -2.812500
4.818941 2.585544 0.000000 5.000000
3.276368 4.378657 0.000000 5.000000
4.830940 2.563055 0.000000 3.750000
4.724209 2.754827 0.000000 -2.187500
5.244814 2.612318 0.000000 4.687500
4.177350 2.887404 0.000000 1.250000
7.785069 2.585336 0.000000 -3.437500
7.782964 2.591664 0.000000 4.687500
8.162194 2.689074 0.000000 7.187500
5.253828 2.594142 0.000000 4.687500
4.770574 2.673733 0.000000 1.250000
4.558875 3.680887 0.000000 4.687500
5.304037 2.489873 0.000000 -1.875000
4.655088 2.870085 0.000000 1.250000
8.195107 2.587038 0.000000 -3.437500
8.195366 2.586218 0.000000 -2.500000
8.603571 2.587964 0.000000 3.750000
8.192780 2.594397 0.000000 -3.125000
8.192741 2.594519 0.000000 1.250000
8.204153 2.558204 0.000000 5.625000
8.200912 2.568577 0.000000 -3.125000
8.204139 2.558250 0.000000 1.875000
8.210228 2.538639 0.000000 4.687500
8.600045 2.599657 0.000000 5.000000
8.585458 2.647433 0.000000 -2.500000
8.189380 2.605111 0.000000 1.250000
6.123180 2.569935 0.000000 -2.812500
6.111722 2.597065 0.000000 -1.875000
6.089237 2.649358 0.000000 5.625000
6.640355 2.311744 0.000000 -1.562500
5.496223 2.975572 0.000000 1.250000
5.715177 4.095757 0.000000 -1.562500
6.562457 2.524408 0.000000 -2.187500
6.536575 2.590688 0.000000 5.625000
5.879115 3.856746 0.000000 -2.187500
5.831338 3.928609 0.000000 5.625000
6.556173 2.540684 0.000000 -0.625000
6.919552 2.684031 0.000000 5.937500
5.937515 2.973855 0.000000 1.250000
6.935997 2.641245 0.000000 -0.937500
6.482209 2.723866 0.000000 1.250000
6.958272 2.581993 0.000000 -3.125000
6.956764 2.586051 0.000000 5.625000
7.033242 2.370176 0.000000 -0.937500
6.955425 2.589650 0.000000 -3.125000
6.969975 2.550231 0.000000 -3.125000
6.961724 2.572669 0.000000 3.125000
7.361646 2.615592 0.000000 -3.437500
6.323671 3.074031 0.000000 1.250000
9.831456 2.547920 0.000000 -3.750000
9.826694 2.566223 0.000000 2.812500
7.377131 2.571594 0.000000 5.625000
7.370681 2.590024 0.000000 -3.125000
7.395466 2.518379 0.000000 -3.437500
7.768853 2.633663 0.000000 0.625000
7.390554 2.532759 0.000000 3.437500
7.792626 2.562467 0.000000 5.312500
7.764364 2.646868 0.000000 -3.125000
7.785458 2.584165 0.000000 -2.187500
7.774764 2.616162 0.000000 5.625000
10.238230 2.532829 0.000000 -3.125000
10.242478 2.515592 0.000000 8.125000
10.226066 2.581502 0.000000 1.250000
7.800159 2.539446 0.000000 -3.125000
7.795975 2.552261 0.000000 -0.625000
7.197652 3.037920 0.000000 1.250000
10.625660 2.593114 0.000000 -2.500000
10.625434 2.594041 0.000000 5.000000
10.627012 2.587570 0.000000 6.250000
8.191940 2.597048 0.000000 5.000000
8.189468 2.604831 0.000000 6.250000
8.201171 2.567750 0.000000 -1.875000
8.195683 2.585210 0.000000 4.062500
8.195594 2.585495 0.000000 5.625000
8.195771 2.584931 0.000000 -2.812500
8.200889 2.568649 0.000000 -1.875000
8.213763 2.527180 0.000000 5.625000
7.634737 3.000341 0.000000 1.250000
7.628597 3.956898 0.000000 5.625000
11.034883 2.560811 0.000000 -1.875000
7.606159 3.072070 0.000000 1.250000
11.035213 2.559391 0.000000 -1.875000
11.035503 2.558141 0.000000 6.250000
11.436321 2.557276 0.000000 1.562500
11.431598 2.578308 0.000000 6.250000
8.998978 2.628502 0.000000 -0.625000
9.748173 2.850007 0.000000 4.062500
9.006011 2.604303 0.000000 -0.625000
9.007683 2.598513 0.000000 5.625000
11.818122 2.639876 0.000000 1.562500
11.431971 2.576656 0.000000 -0.625000
9.017518 2.564176 0.000000 -2.500000
9.019132 2.558494 0.000000 5.625000
9.025848 2.534699 0.000000 -0.937500
8.412566 3.154000 0.000000 1.250000
8.438509 4.084384 0.000000 -0.937500
9.419537 2.576775 0.000000 -3.125000
9.406020 2.625684 0.000000 5.000000
9.422997 2.564093 0.000000 -3.125000
9.424644 2.558030 0.000000 1.250000
9.414361 2.595619 0.000000 -5.312500
9.422270 2.566761 0.000000 4.687500
12.227509 2.595764 0.000000 0.937500
13.371566 2.849809 0.000000 4.062500
9.813365 2.616731 0.000000 -3.750000
8.992133 3.809065 0.000000 1.250000
9.826643 2.566417 0.000000 -3.750000
9.823354 2.578978 0.000000 -0.937500
12.655988 2.448305 0.000000 5.625000
12.622974 2.613187 0.000000 -3.750000
9.825826 2.569547 0.000000 -1.875000
9.436176 2.515155 0.000000 2.812500
12.632289 2.567781 0.000000 -3.437500
12.632350 2.567478 0.000000 -2.500000
10.218637 2.610756 0.000000 -3.125000
10.222950 2.593813 0.000000 5.312500
10.223070 2.593337 0.000000 5.937500
9.739713 4.046549 0.000000 5.937500
10.233279 2.552758 0.000000 -3.125000
10.238348 2.532351 0.000000 5.312500
13.031909 2.561436 0.000000 -2.500000
13.026245 2.590087 0.000000 1.875000
10.641360 2.527915 0.000000 -3.125000
10.626760 2.588607 0.000000 6.250000
13.034222 2.549644 0.000000 -5.625000
13.043673 2.500841 0.000000 -2.812500
11.029682 2.583125 0.000000 -1.875000
10.105698 3.018519 0.000000 1.250000
10.465080 4.336877 0.000000 -1.875000
13.421970 2.602088 0.000000 -5.625000
13.427336 2.574261 0.000000 -3.125000
13.431494 2.552480 0.000000 -2.500000
13.432167 2.548935 0.000000 5.625000
11.029826 2.582509 0.000000 -3.125000
11.028630 2.587611 0.000000 5.937500
11.035811 2.556809 0.000000 -5.312500
11.039571 2.540530 0.000000 -2.500000
11.426089 2.602612 0.000000 4.687500
10.477410 3.138916 0.000000 1.250000
11.432417 2.574672 0.000000 -1.250000
11.433522 2.569760 0.000000 5.625000
11.819838 2.632184 0.000000 1.562500
11.439149 2.544595 0.000000 -2.500000
10.818179 3.360566 0.000000 1.250000
11.825647 2.605960 0.000000 3.750000
10.878832 3.158708 0.000000 1.250000
11.831816 2.577808 0.000000 -1.875000
11.830691 2.582964 0.000000 5.625000
14.616902 2.585166 0.000000 -2.500000
14.617107 2.584006 0.000000 0.937500
12.227674 2.594998 0.000000 -3.125000
11.213208 3.404859 0.000000 1.250000
12.226532 2.600366 0.000000 -5.312500
12.228848 2.589460 0.000000 -2.187500
12.240739 2.532649 0.000000 -3.125000
11.312924 3.057261 0.000000 1.250000
12.240106 2.535707 0.000000 -3.125000
11.686936 3.170567 0.000000 1.250000
12.241338 2.529751 0.000000 -4.687500
12.631065 2.573792 0.000000 -2.500000
11.722466 3.036571 0.000000 1.250000
12.628354 2.587063 0.000000 -3.125000
12.627856 2.589489 0.000000 5.625000
12.631558 2.571372 0.000000 -2.500000
11.717003 3.057580 0.000000 1.250000
12.641733 2.520870 0.000000 -3.125000
12.637212 2.543443 0.000000 5.625000
12.637242 2.543291 0.000000 -2.500000
12.099008 3.140703 0.000000 1.250000
13.027479 2.583871 0.000000 5.937500
12.135224 2.997720 0.000000 1.250000
15.437440 2.413727 0.000000 8.125000
15.800314 2.617311 0.000000 1.250000
13.027863 2.581941 0.000000 -3.125000
12.125524 3.036721 0.000000 1.250000
13.041045 2.514507 0.000000 -3.125000
12.437777 3.386727 0.000000 1.250000
13.031859 2.561690 0.000000 -2.500000
12.504249 3.132408 0.000000 1.250000
13.428202 2.569743 0.000000 -2.500000
13.429429 2.563317 0.000000 4.687500
13.422216 2.600824 0.000000 -5.625000
13.432094 2.549322 0.000000 -2.500000
12.530294 3.026537 0.000000 1.250000
16.209265 2.534715 0.000000 -2.187500
16.204634 2.564153 0.000000 5.312500
13.820772 2.596179 0.000000 -5.000000
13.820312 2.598628 0.000000 -2.500000
13.819813 2.601282 0.000000 4.062500
16.208181 2.541635 0.000000 -1.875000
16.585747 2.654815 0.000000 4.687500
16.600006 2.564135 0.000000 -2.187500
16.600550 2.560623 0.000000 5.625000
16.592789 2.610431 0.000000 -5.312500
14.228419 2.538683 0.000000 -3.125000
13.299354 3.169755 0.000000 1.250000
14.227397 2.544403 0.000000 -1.562500
13.832923 2.530641 0.000000 3.437500
16.995142 2.564233 0.000000 -2.187500
13.712585 3.117515 0.000000 1.250000
16.995277 2.563336 0.000000 -3.125000
16.994577 2.567981 0.000000 4.687500
14.616841 2.585513 0.000000 -3.125000
13.730520 3.037550 0.000000 1.250000
14.621569 2.558636 0.000000 -2.812500
13.729384 3.042680 0.000000 1.250000
14.621881 2.556860 0.000000 -2.500000
14.623154 2.549567 0.000000 6.250000
14.121352 3.079002 0.000000 1.250000
15.012439 2.590920 0.000000 -3.437500
14.129285 3.042390 0.000000 1.250000
15.012614 2.589899 0.000000 -3.125000
14.042110 3.422272 0.000000 1.250000
15.016493 2.567318 0.000000 4.687500
15.019398 2.550269 0.000000 5.937500
15.016007 2.570151 0.000000 -3.125000
15.017549 2.561133 0.000000 5.625000
15.020125 2.545978 0.000000 -5.000000
15.414780 2.554441 0.000000 -3.125000
15.413863 2.559969 0.000000 -3.125000
14.518632 3.089700 0.000000 1.250000
15.414963 2.553342 0.000000 -5.000000
15.415220 2.551783 0.000000 5.937500
15.804811 2.590011 0.000000 -2.812500
14.920899 3.074560 0.000000 1.250000
15.805318 2.586924 0.000000 -3.125000
16.194805 2.625510 0.000000 3.437500
16.995613 2.561110 0.000000 3.750000
17.157709 3.821456 0.000000 8.125000
16.208117 2.542041 0.000000 5.000000
16.200430 2.590582 0.000000 -3.125000
16.205294 2.559983 0.000000 5.312500
15.815434 2.524344 0.000000 3.437500
15.578030 3.718227 0.000000 1.250000
18.971451 2.539203 0.000000 -3.437500
19.358936 2.588683 0.000000 1.250000
17.399473 2.499762 0.000000 3.750000
16.599436 2.567833 0.000000 -3.125000
15.649163 3.406453 0.000000 1.250000
24.020741 3.090609 0.000000 8.125000
16.214273 2.502476 0.000000 3.437500
15.723639 3.044243 0.000000 1.250000
16.604670 2.533770 0.000000 -2.187500
15.729380 3.014442 0.000000 1.250000
19.365530 2.538890 0.000000 5.312500
19.358395 2.592732 0.000000 -2.187500
16.605026 2.531423 0.000000 -5.312500
16.080906 3.251077 0.000000 1.250000
16.995281 2.563315 0.000000 -3.750000
16.609426 2.502395 0.000000 3.750000
15.998696 3.634112 0.000000 1.250000
19.750257 2.609292 0.000000 1.250000
19.368240 2.518142 0.000000 5.937500
16.924566 2.994863 0.000000 6.562500
16.469484 3.300164 0.000000 1.250000
17.386385 2.589226 0.000000 -2.187500
17.386017 2.591704 0.000000 5.937500
20.150990 2.556422 0.000000 -1.875000
20.151188 2.554858 0.000000 5.312500
20.141787 2.627939 0.000000 1.250000
17.391714 2.553186 0.000000 -5.312500
17.392189 2.549951 0.000000 -2.187500
17.682726 3.193307 0.000000 6.250000
17.778040 2.610995 0.000000 -2.187500
17.777529 2.614470 0.000000 5.937500
17.394039 2.537298 0.000000 -5.312500
20.151041 2.556010 0.000000 -2.187500
20.151733 2.550550 0.000000 6.250000
18.178200 2.572882 0.000000 -2.187500
17.211771 3.570075 0.000000 1.250000
18.178671 2.569548 0.000000 -5.000000
18.182840 2.539873 0.000000 -3.125000
18.574072 2.562484 0.000000 -3.437500
17.612755 3.559052 0.000000 1.250000
18.569914 2.592447 0.000000 -4.375000
18.573412 2.567263 0.000000 4.687500
18.577801 2.535318 0.000000 -2.187500
18.088545 3.141848 0.000000 1.250000
21.335161 2.527699 0.000000 -2.812500
21.330566 2.566180 0.000000 -4.687500
21.329067 2.578622 0.000000 -1.875000
18.965662 2.582097 0.000000 -2.187500
18.965153 2.585835 0.000000 5.000000
18.971558 2.538404 0.000000 -3.437500
18.110941 3.010059 0.000000 1.250000
21.729435 2.519375 0.000000 -2.187500
23.857210 4.169100 0.000000 8.125000
19.364798 2.544466 0.000000 5.625000
18.797544 3.607746 0.000000 1.250000
19.758854 2.543389 0.000000 -2.187500
18.881119 3.141158 0.000000 1.250000
20.151327 2.553761 0.000000 -1.875000
20.054033 3.230076 0.000000 8.125000
19.192526 3.621695 0.000000 1.250000
22.509853 2.571419 0.000000 -3.125000
22.483534 2.792210 0.000000 1.562500
22.510624 2.564665 0.000000 -4.687500
22.515913 2.517794 0.000000 5.937500
20.150999 2.556337 0.000000 -2.187500
19.285582 3.088047 0.000000 1.250000
22.902485 2.575769 0.000000 -3.437500
22.902679 2.574057 0.000000 1.875000
20.150974 2.556538 0.000000 -2.187500
19.269821 3.184916 0.000000 1.250000
20.151024 2.556143 0.000000 -2.187500
20.149832 2.565536 0.000000 5.000000
20.542879 2.570903 0.000000 -2.812500
19.687691 3.045636 0.000000 1.250000
22.907301 2.532588 0.000000 -1.875000
23.896343 3.938611 0.000000 8.125000
20.935667 2.577616 0.000000 -2.187500
19.670994 3.151677 0.000000 1.250000
20.547609 2.532815 0.000000 -2.187500
20.042376 3.301644 0.000000 1.250000
24.077349 2.613265 0.000000 0.937500
23.686180 2.597012 0.000000 5.312500
23.689939 2.562474 0.000000 -1.875000
23.689669 2.564988 0.000000 -1.562500
24.084927 2.542478 0.000000 -3.125000
24.084860 2.543105 0.000000 -0.625000
21.729464 2.519125 0.000000 -2.187500
20.816023 3.411664 0.000000 1.250000
21.729408 2.519613 0.000000 -2.500000
21.727930 2.532335 0.000000 5.625000
20.887850 2.940072 0.000000 1.250000
24.479181 2.528060 0.000000 -2.187500
24.861744 2.625579 0.000000 1.250000
24.862680 2.616704 0.000000 1.250000
24.479231 2.527559 0.000000 6.250000
22.122450 2.520967 0.000000 -3.437500
21.230101 3.295638 0.000000 1.250000
24.872602 2.520639 0.000000 -3.437500
24.882824 2.417660 0.000000 5.312500
22.510269 2.567776 0.000000 -1.875000
22.511246 2.559190 0.000000 5.937500
22.509935 2.570696 0.000000 -1.875000
21.615362 3.360323 0.000000 1.250000
25.261147 2.560920 0.000000 -1.875000
24.104506 2.349600 0.000000 8.125000
22.902611 2.574667 0.000000 -3.437500
25.654430 2.554024 0.000000 -1.562500
25.654165 2.556698 0.000000 5.625000
22.907732 2.528687 0.000000 -1.875000
21.968243 3.626894 0.000000 1.250000
22.907557 2.530291 0.000000 -1.875000
23.261272 2.868734 0.000000 -6.250000
23.301270 2.523336 0.000000 -3.437500
22.427780 3.209414 0.000000 1.250000
23.883467 4.015947 0.000000 8.125000
23.301126 2.524666 0.000000 -3.437500
22.406618 3.353968 0.000000 1.250000
23.302570 2.511291 0.000000 5.000000
22.785669 3.460012 0.000000 1.250000
23.690058 2.561386 0.000000 -1.875000
22.746685 3.707668 0.000000 1.250000
26.441946 2.527824 0.000000 -2.187500
26.815889 2.716423 0.000000 3.437500
26.436150 2.587744 0.000000 1.875000
26.442438 2.522678 0.000000 5.937500
23.689795 2.563815 0.000000 -1.875000
23.128004 3.796290 0.000000 1.250000
26.442085 2.526352 0.000000 -3.437500
26.441917 2.528115 0.000000 -2.187500
24.085262 2.539285 0.000000 -3.437500
24.084700 2.544621 0.000000 5.312500
24.085247 2.539438 0.000000 -3.437500
26.831087 2.561974 0.000000 -1.875000
26.832521 2.546905 0.000000 4.375000
24.084124 2.550066 0.000000 5.312500
24.084137 2.549939 0.000000 -3.437500
24.399765 3.205124 0.000000 8.125000
26.829693 2.576530 0.000000 -5.000000
26.830936 2.563539 0.000000 -1.875000
27.219942 2.599114 0.000000 1.250000
24.479231 2.527553 0.000000 -1.875000
26.831083 2.562016 0.000000 -1.875000
27.219786 2.600747 0.000000 1.250000
24.476233 2.556438 0.000000 5.625000
24.478260 2.536952 0.000000 -4.687500
23.613232 3.192930 0.000000 1.250000
27.226269 2.531985 0.000000 -3.437500
27.227062 2.523452 0.000000 6.250000
24.871716 2.529374 0.000000 -3.437500
23.994764 3.286201 0.000000 1.250000
27.621481 2.499864 0.000000 -1.875000
25.261309 2.559309 0.000000 -1.875000
24.016043 3.126911 0.000000 1.250000
24.385855 3.309293 0.000000 1.250000
27.412130 4.215531 0.000000 4.687500
27.622663 2.486758 0.000000 -5.000000
27.618757 2.529778 0.000000 4.687500
25.261238 2.560021 0.000000 -1.875000
24.394482 3.245092 0.000000 1.250000
25.654240 2.555933 0.000000 -3.437500
24.804663 3.119096 0.000000 1.250000
25.654224 2.556099 0.000000 -3.437500
24.767300 3.403074 0.000000 1.250000
25.654261 2.555730 0.000000 -3.437500
25.654312 2.555217 0.000000 -1.562500
26.047348 2.550038 0.000000 -1.875000
24.800882 3.149015 0.000000 1.250000
26.047590 2.547580 0.000000 -1.875000
25.179081 3.270735 0.000000 1.250000
28.793007 2.556171 0.000000 -4.062500
28.793245 2.553487 0.000000 -1.562500
26.048082 2.542522 0.000000 -5.000000
26.047659 2.546862 0.000000 -1.875000
28.792791 2.558593 0.000000 -5.000000
28.793530 2.550285 0.000000 -2.500000
29.182289 2.588604 0.000000 1.562500
25.552111 3.429647 0.000000 1.250000
26.637213 4.114591 0.000000 4.375000
26.441948 2.527808 0.000000 -3.437500
26.441998 2.527286 0.000000 -2.187500
26.442532 2.521675 0.000000 5.937500
26.831190 2.560895 0.000000 -1.875000
25.588589 3.145954 0.000000 1.250000
26.752674 3.281051 0.000000 8.125000
29.186642 2.539078 0.000000 -3.437500
29.956690 2.700069 0.000000 3.437500
29.186687 2.538529 0.000000 -3.437500
29.186018 2.546220 0.000000 5.625000
26.830624 2.566829 0.000000 -1.875000
26.829876 2.574618 0.000000 4.375000
26.830997 2.562912 0.000000 -5.000000
26.831257 2.560201 0.000000 -1.875000
26.830194 2.571299 0.000000 -1.875000
25.962273 3.305673 0.000000 1.250000
29.969662 2.552063 0.000000 1.875000
29.578615 2.540306 0.000000 5.312500
27.226841 2.525809 0.000000 -3.437500
26.364172 3.239880 0.000000 1.250000
27.465332 3.853714 0.000000 8.125000
27.227072 2.523344 0.000000 -3.437500
26.401257 2.922325 0.000000 1.250000
26.299322 3.729896 0.000000 1.250000
27.026546 4.152891 0.000000 4.687500
26.782686 3.026323 0.000000 1.250000
27.835110 4.027692 0.000000 8.125000
27.621191 2.503074 0.000000 -1.875000
26.734596 3.425247 0.000000 1.250000
27.867891 3.794233 0.000000 8.125000
27.621939 2.494792 0.000000 -5.000000
27.621288 2.501996 0.000000 -1.875000
27.623379 2.478806 0.000000 4.687500
27.142500 3.311395 0.000000 1.250000
28.248598 3.893277 0.000000 8.125000
28.404684 2.512926 0.000000 -2.500000
28.358913 2.985456 0.000000 8.125000
28.014940 2.485707 0.000000 -3.437500
27.634357 2.353257 0.000000 4.375000
27.146986 3.274415 0.000000 1.250000
30.753559 2.553362 0.000000 -1.562500
30.753597 2.552895 0.000000 5.625000
31.142883 2.585225 0.000000 1.875000
28.403553 2.525690 0.000000 -3.750000
27.587873 2.846899 0.000000 1.250000
28.655466 3.799408 0.000000 8.125000
28.793242 2.553531 0.000000 -5.000000
27.946228 3.166076 0.000000 1.250000
28.793175 2.554293 0.000000 -1.875000
27.936499 3.250800 0.000000 1.250000
31.538900 2.535151 0.000000 -3.437500
31.538858 2.535661 0.000000 1.250000
31.539713 2.525020 0.000000 4.687500
29.186739 2.537956 0.000000 -3.437500
28.341660 3.145024 0.000000 1.250000
29.186491 2.540803 0.000000 -4.687500
28.345774 3.107726 0.000000 1.250000
31.934492 2.487817 0.000000 -1.562500
31.935123 2.479688 0.000000 6.562500
29.969679 2.551862 0.000000 -3.437500
28.730167 3.185722 0.000000 1.250000
29.933235 2.948740 0.000000 8.125000
28.731337 3.175157 0.000000 1.250000
29.969728 2.551270 0.000000 -3.437500
29.580395 2.519510 0.000000 5.312500
29.124126 3.176825 0.000000 1.250000
27.805149 4.229572 0.000000 8.125000
32.718075 2.487507 0.000000 -3.437500
32.719055 2.474559 0.000000 4.375000
29.520603 3.143511 0.000000 1.250000
30.172022 4.241903 0.000000 5.625000
33.497654 2.539104 0.000000 -3.437500
32.706818 2.631405 0.000000 4.375000
31.144186 2.569459 0.000000 -3.437500
29.899242 3.275510 0.000000 1.250000
33.496769 2.550773 0.000000 -3.750000
33.496742 2.551162 0.000000 -1.562500
33.497074 2.546753 0.000000 -1.875000
33.107456 2.518703 0.000000 5.937500
30.750645 2.588218 0.000000 5.625000
29.891417 3.346168 0.000000 1.250000
33.890457 2.524822 0.000000 -0.937500
33.736404 4.097883 0.000000 4.375000
33.891022 2.517226 0.000000 -3.437500
34.274158 2.631120 0.000000 1.250000
33.897175 2.432980 0.000000 6.562500
31.539143 2.532108 0.000000 -2.500000
30.694746 3.183329 0.000000 1.250000
24.225880 4.327592 0.000000 8.125000
31.094645 3.112167 0.000000 1.250000
32.545139 4.180193 0.000000 8.125000
34.674847 2.510710 0.000000 -3.750000
34.121681 4.165503 0.000000 4.687500
32.322762 2.533183 0.000000 -3.437500
31.084480 3.212113 0.000000 1.250000
32.159245 4.118386 0.000000 4.375000
2.923727 2.590485 0.000000 4.375000
2.367118 2.599302 0.000000 0.937500
2.962145 2.546466 0.000000 -2.500000
2.960830 2.547994 0.000000 4.375000
3.086701 2.393965 0.000000 1.875000
2.995634 2.506984 0.000000 4.375000
2.415926 3.553370 0.000000 -2.187500
2.081156 3.759245 0.000000 -2.187500
3.516369 2.469470 0.000000 7.187500
2.906929 2.609320 0.000000 0.937500
5.726655 2.503581 0.000000 4.687500
7.512053 3.295500 0.000000 7.500000
2.950081 2.560432 0.000000 4.375000
2.350599 2.614250 0.000000 0.937500
2.094740 3.297098 0.000000 4.375000
3.365309 2.671672 0.000000 4.375000
2.769746 2.754505 0.000000 0.937500
2.351925 3.596051 0.000000 4.375000
6.192061 2.399224 0.000000 7.500000
6.071836 2.688998 0.000000 4.062500
3.912351 2.581892 0.000000 -2.812500
3.257274 2.802375 0.000000 0.937500
6.976089 2.533458 0.000000 5.625000
6.955842 2.588532 0.000000 -0.937500
7.360948 2.617556 0.000000 1.562500
7.322582 2.723040 0.000000 5.625000
4.801462 2.617860 0.000000 5.000000
4.612988 2.937271 0.000000 -2.500000
7.375682 2.575747 0.000000 5.312500
7.354739 2.634951 0.000000 -3.125000
7.362199 2.614035 0.000000 3.437500
4.825811 2.572697 0.000000 4.687500
4.117290 2.972420 0.000000 0.937500
4.150710 3.560735 0.000000 4.687500
7.781361 2.596474 0.000000 0.625000
7.773747 2.619184 0.000000 -3.437500
7.785026 2.585465 0.000000 -3.437500
7.788875 2.573846 0.000000 4.687500
7.817866 2.484398 0.000000 5.937500
7.794618 2.556401 0.000000 -3.750000
7.790165 2.569939 0.000000 -2.812500
7.798856 2.543443 0.000000 -3.125000
8.178090 2.640338 0.000000 4.687500
5.275107 2.550593 0.000000 5.312500
4.618354 2.928828 0.000000 1.250000
5.657980 2.655139 0.000000 -1.875000
4.634214 2.903668 0.000000 1.250000
8.195022 2.587308 0.000000 -2.812500
8.194820 2.587946 0.000000 -1.875000
8.194927 2.587607 0.000000 5.625000
8.202744 2.562719 0.000000 -3.125000
8.210531 2.537660 0.000000 4.687500
8.591693 2.627127 0.000000 -1.875000
8.612734 2.557305 0.000000 4.687500
8.184155 2.621475 0.000000 1.250000
6.111692 2.597136 0.000000 -1.875000
6.092220 2.642491 0.000000 5.625000
5.446094 3.066360 0.000000 1.250000
9.427829 2.546266 0.000000 -0.625000
9.011271 2.586041 0.000000 6.250000
9.010675 2.588119 0.000000 0.000000
9.017509 2.564208 0.000000 4.375000
6.537596 2.588109 0.000000 -0.625000
6.533899 2.597429 0.000000 4.687500
6.535035 2.594569 0.000000 5.625000
6.545789 2.567318 0.000000 -2.187500
6.558542 2.534562 0.000000 -2.500000
6.559588 2.531854 0.000000 5.625000
6.555350 2.542805 0.000000 -0.625000
5.939506 2.969878 0.000000 1.250000
6.950953 2.601633 0.000000 -2.187500
6.968356 2.554651 0.000000 5.312500
9.830810 2.550413 0.000000 -3.750000
9.829497 2.555463 0.000000 5.625000
9.807169 2.639860 0.000000 2.812500
7.373821 2.581069 0.000000 -5.312500
7.385979 2.546069 0.000000 -3.125000
7.397468 2.512495 0.000000 5.312500
7.392925 2.525831 0.000000 -3.437500
7.771922 2.624593 0.000000 4.687500
7.790329 2.569444 0.000000 4.687500
7.763309 2.649962 0.000000 -3.125000
7.783178 2.591021 0.000000 -3.125000
7.785859 2.582955 0.000000 -2.187500
10.238120 2.533271 0.000000 -3.125000
10.224065 2.589417 0.000000 1.250000
7.799810 2.540516 0.000000 -3.125000
7.799011 2.542969 0.000000 -0.625000
10.625069 2.595538 0.000000 1.250000
10.626261 2.590653 0.000000 6.250000
10.647465 2.502079 0.000000 -3.125000
10.628687 2.580682 0.000000 5.000000
8.198974 2.574756 0.000000 -1.875000
8.191559 2.598249 0.000000 5.000000
8.195899 2.584527 0.000000 4.062500
8.195246 2.586599 0.000000 5.625000
10.625607 2.593332 0.000000 -3.125000
10.631869 2.567541 0.000000 5.000000
8.190642 2.601138 0.000000 -2.187500
8.201292 2.567362 0.000000 3.125000
8.200976 2.568372 0.000000 5.625000
8.186393 2.614482 0.000000 -2.812500
8.190078 2.602916 0.000000 -1.875000
11.888974 2.299838 0.000000 8.125000
11.001085 2.702322 0.000000 -2.812500
8.579697 2.666045 0.000000 -3.125000
8.576969 2.674809 0.000000 6.250000
8.596622 2.610956 0.000000 -2.500000
8.597669 2.607504 0.000000 5.312500
9.367631 2.759516 0.000000 -0.625000
8.617475 2.541284 0.000000 4.687500
9.747421 2.852578 0.000000 4.062500
9.180560 4.343584 0.000000 4.062500
9.010878 2.587413 0.000000 -2.500000
9.009990 2.590504 0.000000 5.625000
11.817951 2.640643 0.000000 1.562500
11.431153 2.580280 0.000000 -0.625000
9.007025 2.600796 0.000000 -0.625000
9.468157 2.391951 0.000000 6.562500
8.824203 4.183404 0.000000 6.562500
9.014618 2.574351 0.000000 -2.812500
9.021572 2.549875 0.000000 5.625000
11.831408 2.579684 0.000000 -2.500000
11.830818 2.582384 0.000000 3.750000
9.406103 2.625387 0.000000 -2.500000
9.405484 2.627603 0.000000 5.000000
11.837412 2.551986 0.000000 -3.125000
12.221885 2.622125 0.000000 0.937500
9.420188 2.574392 0.000000 3.125000
9.421958 2.567908 0.000000 4.687500
9.821540 2.585877 0.000000 0.937500
9.813385 2.616656 0.000000 -3.750000
9.864167 2.418185 0.000000 5.000000
9.826605 2.566566 0.000000 -3.750000
10.220863 2.602024 0.000000 -2.500000
9.231234 3.186184 0.000000 1.250000
10.218561 2.611050 0.000000 -3.125000
10.221160 2.600858 0.000000 5.312500
10.220660 2.602820 0.000000 5.625000
9.710414 2.976119 0.000000 1.250000
13.020754 2.617550 0.000000 -2.500000
13.387756 2.772751 0.000000 1.875000
13.406569 2.680318 0.000000 4.062500
10.237919 2.534084 0.000000 5.312500
10.217944 2.613461 0.000000 -3.125000
9.827702 2.562359 0.000000 3.125000
9.695004 3.025942 0.000000 1.250000
10.674795 2.382784 0.000000 -1.250000
10.608587 2.662102 0.000000 -3.125000
10.627186 2.586857 0.000000 6.250000
10.630535 2.573056 0.000000 -5.000000
10.630859 2.571717 0.000000 5.625000
11.029886 2.582250 0.000000 -1.875000
10.264323 2.424919 0.000000 2.812500
10.637335 2.544801 0.000000 -5.000000
11.020294 2.622888 0.000000 6.250000
13.431601 2.551916 0.000000 -2.500000
13.431886 2.550415 0.000000 5.625000
11.030551 2.579411 0.000000 -3.125000
11.020973 2.620032 0.000000 -5.000000
11.037570 2.549205 0.000000 -2.500000
11.029862 2.582355 0.000000 5.312500
11.410884 2.668488 0.000000 -7.812500
11.034864 2.560897 0.000000 -1.875000
10.505449 3.043755 0.000000 1.250000
11.430899 2.581407 0.000000 -2.500000
10.470685 3.161276 0.000000 1.250000
14.261436 2.346125 0.000000 8.125000
13.832665 2.532049 0.000000 -2.500000
14.215114 2.612159 0.000000 -1.250000
11.818696 2.637308 0.000000 5.000000
11.432681 2.573498 0.000000 -2.500000
11.440893 2.536747 0.000000 -3.125000
11.429349 2.588259 0.000000 5.000000
11.830823 2.582359 0.000000 -1.875000
10.895247 3.101611 0.000000 1.250000
12.223574 2.614239 0.000000 0.937500
10.896359 3.097704 0.000000 1.250000
11.201765 3.442318 0.000000 1.250000
11.201790 3.442238 0.000000 1.250000
12.235238 2.559090 0.000000 -2.500000
12.227944 2.593720 0.000000 -5.312500
15.019018 2.552505 0.000000 -0.625000
15.019555 2.549346 0.000000 4.687500
15.012297 2.591743 0.000000 -5.000000
12.627832 2.589606 0.000000 -3.437500
12.627837 2.589583 0.000000 5.625000
12.631936 2.569514 0.000000 -2.812500
11.725628 3.024335 0.000000 1.250000
12.637296 2.543028 0.000000 -3.125000
12.637346 2.542771 0.000000 5.625000
12.637148 2.543759 0.000000 -3.437500
13.021072 2.615967 0.000000 5.312500
13.029197 2.575195 0.000000 -2.500000
13.026993 2.586320 0.000000 5.937500
13.027327 2.584637 0.000000 -3.125000
13.026297 2.589829 0.000000 4.375000
13.037147 2.534645 0.000000 -3.125000
13.034030 2.550623 0.000000 4.687500
13.033363 2.554024 0.000000 -5.625000
13.031374 2.564157 0.000000 -2.500000
12.481989 3.219962 0.000000 1.250000
17.025124 2.356977 0.000000 8.125000
14.667564 2.280239 0.000000 8.125000
15.804883 2.589578 0.000000 -3.125000
13.427402 2.573916 0.000000 -1.562500
13.427112 2.575428 0.000000 6.250000
17.025864 2.351611 0.000000 8.125000
16.978512 2.672129 0.000000 -0.937500
16.207495 2.546004 0.000000 5.312500
16.200752 2.588569 0.000000 -5.312500
13.824660 2.575400 0.000000 -3.125000
13.825900 2.568733 0.000000 -1.875000
13.826359 2.566261 0.000000 5.625000
16.600567 2.560501 0.000000 -1.562500
13.186947 3.608963 0.000000 1.250000
14.223472 2.566259 0.000000 -3.125000
13.298343 3.173997 0.000000 1.250000
14.223051 2.568586 0.000000 -2.812500
14.227344 2.544699 0.000000 -1.562500
13.334102 3.020250 0.000000 1.250000
14.223192 2.567804 0.000000 -5.312500
14.616675 2.586447 0.000000 -2.500000
14.617274 2.583061 0.000000 5.312500
13.705608 3.148048 0.000000 1.250000
16.995178 2.563998 0.000000 -5.312500
17.386198 2.590486 0.000000 -2.187500
14.621664 2.558096 0.000000 -3.750000
14.623094 2.549914 0.000000 6.250000
14.112436 3.119609 0.000000 1.250000
15.019959 2.546960 0.000000 5.937500
15.011924 2.593902 0.000000 -5.000000
15.057055 2.317596 0.000000 -2.812500
15.018080 2.558016 0.000000 5.625000
17.783890 2.570842 0.000000 -5.312500
18.174669 2.597701 0.000000 1.250000
17.785456 2.559980 0.000000 -5.312500
18.177971 2.574499 0.000000 -2.187500
18.176386 2.585659 0.000000 5.625000
18.182547 2.541974 0.000000 5.312500
15.805089 2.588321 0.000000 -3.125000
14.922139 3.068540 0.000000 1.250000
18.572672 2.572614 0.000000 -3.437500
18.574076 2.562471 0.000000 -2.500000
15.347520 2.931599 0.000000 1.250000
15.851414 4.230571 0.000000 4.375000
16.207674 2.544869 0.000000 5.312500
16.200226 2.591851 0.000000 -5.312500
16.201212 2.585686 0.000000 -2.812500
15.343033 2.954990 0.000000 1.250000
16.604517 2.534759 0.000000 -2.187500
15.722676 3.049213 0.000000 1.250000
16.604301 2.536180 0.000000 -5.312500
16.995682 2.560653 0.000000 -2.187500
19.365858 2.536380 0.000000 -3.437500
19.750717 2.605812 0.000000 1.250000
19.365894 2.536110 0.000000 -0.937500
19.367912 2.520653 0.000000 5.937500
16.995283 2.563305 0.000000 -3.125000
16.093643 3.187428 0.000000 1.250000
17.386160 2.590744 0.000000 -2.187500
17.386086 2.591230 0.000000 5.937500
16.478426 3.255226 0.000000 1.250000
14.423913 3.505375 0.000000 8.125000
17.778637 2.606923 0.000000 -2.187500
17.777168 2.616922 0.000000 5.937500
20.151039 2.556037 0.000000 -2.187500
20.147978 2.580048 0.000000 6.250000
20.543140 2.568803 0.000000 -4.062500
20.150921 2.556959 0.000000 -2.187500
20.543072 2.569353 0.000000 -3.437500
16.863934 3.319318 0.000000 1.250000
17.785295 2.561109 0.000000 -5.312500
17.792074 2.513575 0.000000 5.625000
18.177750 2.576064 0.000000 -4.375000
18.182842 2.539862 0.000000 -2.187500
18.574163 2.561827 0.000000 -2.500000
18.574570 2.558877 0.000000 5.312500
19.220449 3.470453 0.000000 8.125000
18.039633 3.411499 0.000000 1.250000
18.965767 2.581321 0.000000 -2.187500
18.083759 3.169275 0.000000 1.250000
21.723137 2.573115 0.000000 -4.062500
21.329226 2.577311 0.000000 -1.875000
18.971523 2.538664 0.000000 -3.125000
18.065296 3.272880 0.000000 1.250000
19.363752 2.552413 0.000000 -2.187500
18.376625 3.723188 0.000000 1.250000
19.365810 2.536760 0.000000 -2.812500
18.487211 3.128180 0.000000 1.250000
19.359282 2.586108 0.000000 -4.375000
18.496965 3.069978 0.000000 1.250000
19.365900 2.536066 0.000000 -3.437500
19.367136 2.526611 0.000000 5.625000
18.807489 3.555536 0.000000 1.250000
22.122723 2.518567 0.000000 -3.125000
22.510828 2.562871 0.000000 1.562500
19.758919 2.542878 0.000000 -2.187500
18.885902 3.112273 0.000000 1.250000
20.535301 2.630740 0.000000 1.250000
19.228210 3.427190 0.000000 1.250000
19.291399 3.051504 0.000000 1.250000
19.291399 3.051506 0.000000 1.250000
22.902510 2.575552 0.000000 -3.437500
22.902719 2.573694 0.000000 1.875000
20.541533 2.581632 0.000000 6.250000
19.678085 3.107098 0.000000 1.250000
20.543097 2.569154 0.000000 -2.187500
19.666655 3.178648 0.000000 1.250000
23.577644 3.445903 0.000000 8.125000
19.662806 3.202368 0.000000 1.250000
23.300655 2.529005 0.000000 -3.437500
23.300484 2.530580 0.000000 5.000000
20.941116 2.532970 0.000000 -3.437500
20.073149 3.109074 0.000000 1.250000
21.714561 2.644516 0.000000 1.250000
20.071987 3.116568 0.000000 1.250000
23.696621 2.499943 0.000000 -3.750000
23.689600 2.565616 0.000000 -1.875000
21.328953 2.579552 0.000000 -2.187500
20.480225 3.029816 0.000000 1.250000
21.336061 2.520087 0.000000 -3.437500
21.336069 2.520018 0.000000 5.937500
24.479479 2.525162 0.000000 -2.187500
24.479271 2.527180 0.000000 0.937500
24.493038 2.390052 0.000000 5.937500
24.479282 2.527063 0.000000 -1.875000
24.861845 2.624628 0.000000 1.250000
21.729624 2.517758 0.000000 -4.687500
21.244301 3.202810 0.000000 1.250000
24.872437 2.522287 0.000000 -3.437500
22.510286 2.567625 0.000000 -1.875000
22.510788 2.563220 0.000000 5.937500
22.510317 2.567355 0.000000 -1.875000
21.593323 3.499152 0.000000 1.250000
22.510256 2.567895 0.000000 -4.687500
21.658066 3.073076 0.000000 1.250000
22.902655 2.574266 0.000000 -3.437500
21.977556 3.570019 0.000000 1.250000
22.907555 2.530299 0.000000 -1.875000
22.050304 3.089036 0.000000 1.250000
26.047401 2.549508 0.000000 -1.875000
26.048395 2.539305 0.000000 1.250000
23.301437 2.521785 0.000000 -3.437500
22.401085 3.390734 0.000000 1.250000
23.301157 2.524378 0.000000 -3.437500
23.301338 2.522715 0.000000 -2.500000
23.689709 2.564616 0.000000 -1.875000
22.777494 3.513432 0.000000 1.250000
26.442005 2.527210 0.000000 -3.437500
26.441769 2.529686 0.000000 -2.187500
24.085140 2.540440 0.000000 -3.125000
24.084984 2.541933 0.000000 5.312500
26.830818 2.564792 0.000000 -1.875000
26.831043 2.562427 0.000000 4.375000
24.085072 2.541104 0.000000 -3.437500
23.244999 2.997743 0.000000 1.250000
26.831444 2.558225 0.000000 1.250000
26.831907 2.553373 0.000000 4.375000
26.830025 2.573076 0.000000 -1.875000
26.831116 2.561679 0.000000 -1.875000
27.219795 2.600669 0.000000 1.250000
26.831154 2.561280 0.000000 -5.000000
26.830721 2.565817 0.000000 -1.875000
24.479401 2.525928 0.000000 -1.875000
24.478609 2.533590 0.000000 6.562500
24.479542 2.524549 0.000000 -4.687500
24.479380 2.526127 0.000000 -1.875000
24.479155 2.528298 0.000000 -4.687500
23.604460 3.257150 0.000000 1.250000
27.226973 2.524416 0.000000 -3.437500
27.226151 2.533260 0.000000 6.250000
24.872410 2.522543 0.000000 -3.437500
23.983683 3.366133 0.000000 1.250000
24.503214 2.283381 0.000000 4.375000
24.872353 2.523118 0.000000 -1.875000
27.615416 2.566021 0.000000 -1.562500
27.817705 4.146185 0.000000 4.687500
27.621111 2.503947 0.000000 -1.875000
24.871965 2.526921 0.000000 -3.437500
25.260977 2.562603 0.000000 -1.875000
27.218679 2.612306 0.000000 1.250000
24.024729 3.059445 0.000000 1.250000
27.621506 2.499613 0.000000 -2.187500
27.618881 2.528426 0.000000 4.687500
27.621828 2.496035 0.000000 -5.000000
27.623785 2.474284 0.000000 -1.875000
25.654255 2.555801 0.000000 -3.437500
24.766230 3.410849 0.000000 1.250000
25.654062 2.557719 0.000000 -3.437500
24.794691 3.197390 0.000000 1.250000
